# Matter power spectrum P(k) at redshift z=99
# for k=1.04206e-05 to 53.4232 h/Mpc,
# number of wavenumbers equal to 243
#    1:k (h/Mpc)              2:P (Mpc/h)^3        
       1.042057218184e-05       7.036260929557e-03 
       1.125187501919e-05       7.577807674841e-03 
       1.214949517534e-05       8.161033620535e-03 
       1.311872312515e-05       8.789148142330e-03 
       1.416527139199e-05       9.465605314640e-03 
       1.529530821670e-05       1.019412588043e-02 
       1.651549391254e-05       1.097871819683e-02 
       1.783302012034e-05       1.182369464633e-02 
       1.925565219523e-05       1.273370416860e-02 
       2.079177497483e-05       1.371375238077e-02 
       2.245044219853e-05       1.476922835681e-02 
       2.424142986925e-05       1.590593818783e-02 
       2.617529387212e-05       1.713013403762e-02 
       2.826343218975e-05       1.844854685139e-02 
       3.051815208062e-05       1.986842969081e-02 
       3.295274261680e-05       2.139759139832e-02 
       3.558155300819e-05       2.304444014644e-02 
       3.842007717529e-05       2.481803397863e-02 
       4.148504506860e-05       2.672812600806e-02 
       4.479452127312e-05       2.878522064434e-02 
       4.836801147907e-05       3.100063001303e-02 
       5.222657744628e-05       3.338653470915e-02 
       5.639296113988e-05       3.595605557730e-02 
       6.089171876895e-05       3.872331949957e-02 
       6.574936551816e-05       4.170354103714e-02 
       7.099453182532e-05       4.491310311137e-02 
       7.665813212606e-05       4.836964963110e-02 
       8.277354706016e-05       5.209217843769e-02 
       8.937682021332e-05       5.610114901207e-02 
       9.650687055417e-05       6.041858990980e-02 
       1.042057218184e-04       6.506822426668e-02 
       1.125187501919e-04       7.007559021925e-02 
       1.214949517534e-04       7.546819264443e-02 
       1.311872312515e-04       8.127563721627e-02 
       1.416527139199e-04       8.752980291804e-02 
       1.529530821670e-04       9.426500750990e-02 
       1.651549391254e-04       1.015181935281e-01 
       1.783302012034e-04       1.093291280214e-01 
       1.925565219523e-04       1.177406113794e-01 
       2.079177497483e-04       1.267987049462e-01 
       2.245044219853e-04       1.365529774737e-01 
       2.424142986925e-04       1.470567587013e-01 
       2.617529387212e-04       1.583674216547e-01 
       2.826343218975e-04       1.705466741345e-01 
       3.051815208062e-04       1.836608704983e-01 
       3.295274261680e-04       1.977813491833e-01 
       3.558155300819e-04       2.129847782591e-01 
       3.842007717529e-04       2.293535305471e-01 
       4.148504506860e-04       2.469760655723e-01 
       4.479452127312e-04       2.659473415073e-01 
       4.836801147907e-04       2.863692323953e-01 
       5.222657744628e-04       3.083509591987e-01 
       5.639296113988e-04       3.320095401272e-01 
       6.089171876895e-04       3.574702177534e-01 
       6.574936551816e-04       3.848669203805e-01 
       7.099453182532e-04       4.143426641775e-01 
       7.665813212606e-04       4.460499662700e-01 
       8.277354706016e-04       4.801511870605e-01 
       8.937682021332e-04       5.168188240331e-01 
       9.650687055417e-04       5.562356987970e-01 
       1.042057218184e-03       5.985950254555e-01 
       1.125187501919e-03       6.441003044535e-01 
       1.214949517534e-03       6.929649990810e-01 
       1.311872312515e-03       7.454119173541e-01 
       1.416527139199e-03       8.016805663183e-01 
       1.529530821670e-03       8.620070327573e-01 
       1.651549391254e-03       9.266333534527e-01 
       1.783302012034e-03       9.958058761072e-01 
       1.925565219523e-03       1.069769906517e+00 
       2.079177497483e-03       1.148765179407e+00 
       2.245044219853e-03       1.233020202391e+00 
       2.424142986925e-03       1.322745166149e+00 
       2.617529387212e-03       1.418123334252e+00 
       2.826343218975e-03       1.519300754094e+00 
       3.051815208062e-03       1.626374120535e+00 
       3.295274261680e-03       1.739376799015e+00 
       3.558155300819e-03       1.858263553590e+00 
       3.842007717529e-03       1.982892997236e+00 
       4.148504506860e-03       2.113010517284e+00 
       4.479452127312e-03       2.248230591997e+00 
       4.836801147907e-03       2.388020499413e+00 
       5.222657744628e-03       2.531687170797e+00 
       5.639296113988e-03       2.678368270584e+00 
       6.089171876895e-03       2.827032365485e+00 
       6.574936551816e-03       2.976481702363e+00 
       7.099453182532e-03       3.125365317096e+00 
       7.665813212606e-03       3.272196172348e+00 
       8.277354706016e-03       3.415370824239e+00 
       8.937682021332e-03       3.553180995239e+00 
       9.650687055417e-03       3.683817792604e+00 
       1.042057218184e-02       3.805351023097e+00 
       1.125187501919e-02       3.915703849347e+00 
       1.214949517534e-02       4.012614567610e+00 
       1.311872312515e-02       4.093620147905e+00 
       1.416527139199e-02       4.156089554804e+00 
       1.529530821666e-02       4.197320557174e+00 
       1.651549391176e-02       4.214688574725e+00 
       1.783302010906e-02       4.205838151322e+00 
       1.925565206518e-02       4.168830308697e+00 
       2.079177376287e-02       4.102321535176e+00 
       2.245043293693e-02       4.005777370262e+00 
       2.424137103356e-02       3.879727989366e+00 
       2.617497906706e-02       3.726108953669e+00 
       2.826199580119e-02       3.548473043254e+00 
       3.051249938375e-02       3.352158642887e+00 
       3.293336996262e-02       3.144354393049e+00 
       3.552331487266e-02       2.933975011286e+00 
       3.826582157228e-02       2.731057955033e+00 
       4.112404724473e-02       2.545238223325e+00 
       4.404493044138e-02       2.383524450361e+00 
       4.697466957067e-02       2.248567646211e+00 
       4.987520971806e-02       2.138746150769e+00 
       5.272987739079e-02       2.049721557975e+00 
       5.553868476799e-02       1.976113100222e+00 
       5.831086443783e-02       1.912771219509e+00 
       6.105929318352e-02       1.855171167777e+00 
       6.379744399755e-02       1.799540953417e+00 
       6.653804689347e-02       1.742904523365e+00 
       6.929265033370e-02       1.683095229349e+00 
       7.207159151451e-02       1.618768497001e+00 
       7.488412589325e-02       1.549402793186e+00 
       7.773860159413e-02       1.475268909463e+00 
       8.064263092727e-02       1.397359979470e+00 
       8.360324183574e-02       1.317276125013e+00 
       8.662700531640e-02       1.237047704543e+00 
       8.972014012085e-02       1.158904729008e+00 
       9.288859777810e-02       1.085056500862e+00 
       9.613813123925e-02       1.017439679526e+00 
       9.947435014200e-02       9.575154103242e-01 
       1.029027652301e-01       9.061080771622e-01 
       1.064288240027e-01       8.633029024887e-01 
       1.100579392682e-01       8.284144709955e-01 
       1.137955119551e-01       8.000006451451e-01 
       1.176469492760e-01       7.759702090272e-01 
       1.216176791504e-01       7.537821248028e-01 
       1.257131616481e-01       7.307740649739e-01 
       1.299388981110e-01       7.046084896976e-01 
       1.343004385401e-01       6.737627017079e-01 
       1.388033877828e-01       6.379227558036e-01 
       1.434534110299e-01       5.981258815746e-01 
       1.482562391095e-01       5.565580151058e-01 
       1.532176740608e-01       5.160280914471e-01 
       1.583435954687e-01       4.792806882360e-01 
       1.636399680441e-01       4.482875382294e-01 
       1.691128509406e-01       4.237662348640e-01 
       1.747684093051e-01       4.049957510438e-01 
       1.806129285724e-01       3.899866395987e-01 
       1.866528320180e-01       3.761628619609e-01 
       1.928947021034e-01       3.607162276310e-01 
       1.993453061587e-01       3.419188657106e-01 
       2.060116269760e-01       3.199344813708e-01 
       2.129008989175e-01       2.966477976505e-01 
       2.200206501922e-01       2.745740741966e-01 
       2.273787520223e-01       2.556964538392e-01 
       2.349834755150e-01       2.408110142087e-01 
       2.428435571828e-01       2.292058237019e-01 
       2.509682742266e-01       2.189130212282e-01 
       2.593675309230e-01       2.078817934373e-01 
       2.680519577530e-01       1.951947736830e-01 
       2.770330252880e-01       1.814309504366e-01 
       2.863231753450e-01       1.682462135869e-01 
       2.959359725497e-01       1.570836866687e-01 
       3.058862802544e-01       1.480289084956e-01 
       3.161904657924e-01       1.400511469863e-01 
       3.268666413804e-01       1.318832510146e-01 
       3.379349486994e-01       1.230772063358e-01 
       3.494178974139e-01       1.143245842694e-01 
       3.613407708034e-01       1.064977973991e-01 
       3.737321155121e-01       9.980955722034e-02 
       3.866243374979e-01       9.360077880563e-02 
       4.000544330338e-01       8.732636010003e-02 
       4.140648927098e-01       8.108167383392e-02 
       4.287048286841e-01       7.532942853750e-02 
       4.440313921574e-01       7.014979339619e-02 
       4.601115708827e-01       6.524229310126e-02 
       4.770244877639e-01       6.040871868262e-02 
       4.948643642554e-01       5.582745856195e-02 
       5.137443700216e-01       5.161483943059e-02 
       5.338016569706e-01       4.758161144504e-02 
       5.552039733995e-01       4.369818320526e-02 
       5.781583676391e-01       4.005019653236e-02 
       6.029225951850e-01       3.657386102495e-02 
       6.298198626618e-01       3.324200907322e-02 
       6.592572812968e-01       3.007800074641e-02 
       6.917474167662e-01       2.704592250637e-02 
       7.279297175260e-01       2.415554177170e-02 
       7.685829637218e-01       2.139528980693e-02 
       8.146102292538e-01       1.877586314642e-02 
       8.669680480455e-01       1.630971047165e-02 
       9.265193831693e-01       1.402172260616e-02 
       9.938458886090e-01       1.194048966547e-02 
       1.069144954181e+00       1.008970247988e-02 
       1.152332760345e+00       8.478472747598e-03 
       1.243295708729e+00       7.099202127078e-03 
       1.342095772805e+00       5.930526697984e-03 
       1.449029203296e+00       4.946455036109e-03 
       1.564586374602e+00       4.120577603683e-03 
       1.689391516011e+00       3.428799772120e-03 
       1.824160856865e+00       2.850235964896e-03 
       1.969683202239e+00       2.366948822991e-03 
       2.126814942975e+00       1.963713067934e-03 
       2.296481943529e+00       1.627646141381e-03 
       2.479684162707e+00       1.347885656962e-03 
       2.677501369259e+00       1.115192964044e-03 
       2.891099475621e+00       9.218817377278e-04 
       3.121737405595e+00       7.614268150477e-04 
       3.370774513870e+00       6.283718705412e-04 
       3.639678597884e+00       5.181339564955e-04 
       3.930034548851e+00       4.268886550945e-04 
       4.243553692939e+00       3.514246867439e-04 
       4.582083877640e+00       2.890586284276e-04 
       4.947620362778e+00       2.375642589468e-04 
       5.342317580354e+00       1.950798362418e-04 
       5.768501832533e+00       1.600540912037e-04 
       6.228685002611e+00       1.311985042461e-04 
       6.725579359783e+00       1.074459201666e-04 
       7.262113544958e+00       8.790583291541e-05 
       7.841449831849e+00       7.184345111384e-05 
       8.467002765069e+00       5.864890976352e-05 
       9.142459285082e+00       4.781840098457e-05 
       9.871800458624e+00       3.893450072427e-05 
       1.065932494268e+01       3.165229511745e-05 
       1.150967432028e+01       2.568790369808e-05 
       1.242786045752e+01       2.080643918850e-05 
       1.341929504291e+01       1.681485552900e-05 
       1.448982148328e+01       1.355379922300e-05 
       1.564574934421e+01       1.089221718052e-05 
       1.689389153788e+01       8.722415877157e-06 
       1.824160447766e+01       6.955788814178e-06 
       1.969683143598e+01       5.519802598305e-06 
       2.126814936113e+01       4.354636001255e-06 
       2.296481942883e+01       3.411628487798e-06 
       2.479684162659e+01       2.650383954500e-06 
       2.677501369256e+01       2.038323653094e-06 
       2.891099475621e+01       1.548595456398e-06 
       3.121737405595e+01       1.159125171724e-06 
       3.370774513870e+01       8.519836785254e-07 
       3.639678597884e+01       6.123395839563e-07 
       3.930034548851e+01       4.280001640240e-07 
       4.243553692939e+01       2.888682635751e-07 
       4.582083877640e+01       1.864557391868e-07 
       4.947620362778e+01       1.135508872735e-07 
       5.342317580354e+01       6.397717599830e-08 
