# Matter power spectrum P(k) at redshift z=99
# for k=1.04206e-05 to 53.4232 h/Mpc,
# number of wavenumbers equal to 243
#    1:k (h/Mpc)              2:P (Mpc/h)^3        
       1.042057218184e-05       7.036260929411e-03 
       1.125187501919e-05       7.577807674685e-03 
       1.214949517534e-05       8.161033620367e-03 
       1.311872312515e-05       8.789148142149e-03 
       1.416527139199e-05       9.465605314445e-03 
       1.529530821670e-05       1.019412588022e-02 
       1.651549391254e-05       1.097871819660e-02 
       1.783302012034e-05       1.182369464608e-02 
       1.925565219523e-05       1.273370416834e-02 
       2.079177497483e-05       1.371375238049e-02 
       2.245044219853e-05       1.476922835650e-02 
       2.424142986925e-05       1.590593818750e-02 
       2.617529387212e-05       1.713013403726e-02 
       2.826343218975e-05       1.844854685101e-02 
       3.051815208062e-05       1.986842969040e-02 
       3.295274261680e-05       2.139759139788e-02 
       3.558155300819e-05       2.304444014597e-02 
       3.842007717529e-05       2.481803397812e-02 
       4.148504506860e-05       2.672812600751e-02 
       4.479452127312e-05       2.878522064375e-02 
       4.836801147907e-05       3.100063001239e-02 
       5.222657744628e-05       3.338653470847e-02 
       5.639296113988e-05       3.595605557656e-02 
       6.089171876895e-05       3.872331949878e-02 
       6.574936551816e-05       4.170354103628e-02 
       7.099453182532e-05       4.491310311044e-02 
       7.665813212606e-05       4.836964963010e-02 
       8.277354706016e-05       5.209217843662e-02 
       8.937682021332e-05       5.610114901091e-02 
       9.650687055417e-05       6.041858990856e-02 
       1.042057218184e-04       6.506822426534e-02 
       1.125187501919e-04       7.007559021781e-02 
       1.214949517534e-04       7.546819264288e-02 
       1.311872312515e-04       8.127563721461e-02 
       1.416527139199e-04       8.752980291626e-02 
       1.529530821670e-04       9.426500750798e-02 
       1.651549391254e-04       1.015181935261e-01 
       1.783302012034e-04       1.093291280192e-01 
       1.925565219523e-04       1.177406113770e-01 
       2.079177497483e-04       1.267987049437e-01 
       2.245044219853e-04       1.365529774710e-01 
       2.424142986925e-04       1.470567586983e-01 
       2.617529387212e-04       1.583674216515e-01 
       2.826343218975e-04       1.705466741311e-01 
       3.051815208062e-04       1.836608704947e-01 
       3.295274261680e-04       1.977813491794e-01 
       3.558155300819e-04       2.129847782550e-01 
       3.842007717529e-04       2.293535305426e-01 
       4.148504506860e-04       2.469760655676e-01 
       4.479452127312e-04       2.659473415023e-01 
       4.836801147907e-04       2.863692323900e-01 
       5.222657744628e-04       3.083509591931e-01 
       5.639296113988e-04       3.320095401213e-01 
       6.089171876895e-04       3.574702177472e-01 
       6.574936551816e-04       3.848669203740e-01 
       7.099453182532e-04       4.143426641708e-01 
       7.665813212606e-04       4.460499662631e-01 
       8.277354706016e-04       4.801511870535e-01 
       8.937682021332e-04       5.168188240263e-01 
       9.650687055417e-04       5.562356987900e-01 
       1.042057218184e-03       5.985950254489e-01 
       1.125187501919e-03       6.441003044474e-01 
       1.214949517534e-03       6.929649990758e-01 
       1.311872312515e-03       7.454119173502e-01 
       1.416527139199e-03       8.016805663146e-01 
       1.529530821670e-03       8.620070327584e-01 
       1.651549391254e-03       9.266333534580e-01 
       1.783302012034e-03       9.958058761181e-01 
       1.925565219523e-03       1.069769906536e+00 
       2.079177497483e-03       1.148765179430e+00 
       2.245044219853e-03       1.233020201375e+00 
       2.424142986925e-03       1.322745166207e+00 
       2.617529387212e-03       1.418123334331e+00 
       2.826343218975e-03       1.519300754202e+00 
       3.051815208062e-03       1.626374120677e+00 
       3.295274261680e-03       1.739376799202e+00 
       3.558155300819e-03       1.858263553996e+00 
       3.842007717529e-03       1.982892997553e+00 
       4.148504506860e-03       2.113010517692e+00 
       4.479452127312e-03       2.248230592512e+00 
       4.836801147907e-03       2.388020500117e+00 
       5.222657744628e-03       2.531687171855e+00 
       5.639296113988e-03       2.678368395823e+00 
       6.089171876895e-03       2.827032329210e+00 
       6.574936551816e-03       2.976481704067e+00 
       7.099453182532e-03       3.125365319213e+00 
       7.665813212606e-03       3.272196174991e+00 
       8.277354706016e-03       3.415370826141e+00 
       8.937682021332e-03       3.553180999316e+00 
       9.650687055417e-03       3.683816999565e+00 
       1.042057218184e-02       3.805351029313e+00 
       1.125187501919e-02       3.915703856987e+00 
       1.214949517534e-02       4.012614685536e+00 
       1.311872312515e-02       4.093620159318e+00 
       1.416527139199e-02       4.156089568679e+00 
       1.529530821666e-02       4.197320573973e+00 
       1.651549391176e-02       4.214691681533e+00 
       1.783302010906e-02       4.205838175623e+00 
       1.925565206518e-02       4.168830337714e+00 
       2.079177376287e-02       4.102321802657e+00 
       2.245043293693e-02       4.005780033749e+00 
       2.424137103356e-02       3.879731736003e+00 
       2.617497906706e-02       3.726109009454e+00 
       2.826199580119e-02       3.548481011462e+00 
       3.051249938375e-02       3.352158717421e+00 
       3.293336996262e-02       3.144354501517e+00 
       3.552331487266e-02       2.933975105365e+00 
       3.826582157228e-02       2.731058065135e+00 
       4.112404724473e-02       2.545235901662e+00 
       4.404493044138e-02       2.383524589470e+00 
       4.697466957067e-02       2.248567802987e+00 
       4.987520971806e-02       2.138746294470e+00 
       5.272987739079e-02       2.049721631209e+00 
       5.553868476799e-02       1.976113184632e+00 
       5.831086443783e-02       1.912771316949e+00 
       6.105929318352e-02       1.855171281759e+00 
       6.379744399755e-02       1.799543132091e+00 
       6.653804689347e-02       1.742904413375e+00 
       6.929265033370e-02       1.683095392931e+00 
       7.207159151451e-02       1.618770840648e+00 
       7.488412589325e-02       1.549405183467e+00 
       7.773860159413e-02       1.475270748934e+00 
       8.064263092727e-02       1.397361052208e+00 
       8.360324183574e-02       1.317279221142e+00 
       8.662700531640e-02       1.237048037378e+00 
       8.972014012085e-02       1.158905560629e+00 
       9.288859777810e-02       1.085057164594e+00 
       9.613813123925e-02       1.017440118008e+00 
       9.947435014200e-02       9.575146480772e-01 
       1.029027652301e-01       9.061078690107e-01 
       1.064288240027e-01       8.633042353564e-01 
       1.100579392682e-01       8.284150960666e-01 
       1.137955119551e-01       8.000014591131e-01 
       1.176469492760e-01       7.759706167513e-01 
       1.216176791504e-01       7.537834547954e-01 
       1.257131616481e-01       7.307752979243e-01 
       1.299388981110e-01       7.046092231184e-01 
       1.343004385401e-01       6.737622889809e-01 
       1.388033877828e-01       6.379227397662e-01 
       1.434534110299e-01       5.981251336379e-01 
       1.482562391095e-01       5.565575961659e-01 
       1.532176740608e-01       5.160290895169e-01 
       1.583435954687e-01       4.792816468235e-01 
       1.636399680441e-01       4.482885465178e-01 
       1.691128509406e-01       4.237672509739e-01 
       1.747684093051e-01       4.049970276711e-01 
       1.806129285724e-01       3.899883024291e-01 
       1.866528320180e-01       3.761607482245e-01 
       1.928947021034e-01       3.607123902866e-01 
       1.993453061587e-01       3.419142582450e-01 
       2.060116269760e-01       3.199320167993e-01 
       2.129008989175e-01       2.966488850224e-01 
       2.200206501922e-01       2.745756966380e-01 
       2.273787520223e-01       2.556975462212e-01 
       2.349834755150e-01       2.408121607685e-01 
       2.428435571828e-01       2.292069171229e-01 
       2.509682742266e-01       2.189116145862e-01 
       2.593675309230e-01       2.078811584738e-01 
       2.680519577530e-01       1.951951384235e-01 
       2.770330252880e-01       1.814323468189e-01 
       2.863231753450e-01       1.682481882143e-01 
       2.959359725497e-01       1.570850578597e-01 
       3.058862802544e-01       1.480302199575e-01 
       3.161904657924e-01       1.400523591048e-01 
       3.268666413804e-01       1.318841789833e-01 
       3.379349486994e-01       1.230788169423e-01 
       3.494178974139e-01       1.143257948664e-01 
       3.613407708034e-01       1.064992473023e-01 
       3.737321155121e-01       9.981100376993e-02 
       3.866243374979e-01       9.360218648643e-02 
       4.000544330338e-01       8.732779577396e-02 
       4.140648927098e-01       8.108305911694e-02 
       4.287048286841e-01       7.533077640531e-02 
       4.440313921574e-01       7.015121487542e-02 
       4.601115708827e-01       6.524389159599e-02 
       4.770244877639e-01       6.041016967809e-02 
       4.948643642554e-01       5.582889609159e-02 
       5.137443700216e-01       5.161631100099e-02 
       5.338016569706e-01       4.758309898862e-02 
       5.552039733995e-01       4.369969245017e-02 
       5.781583676391e-01       4.005171136671e-02 
       6.029225951850e-01       3.657538460029e-02 
       6.298198626618e-01       3.324353753553e-02 
       6.592572812968e-01       3.007954584502e-02 
       6.917474167662e-01       2.704748493458e-02 
       7.279297175260e-01       2.415712202116e-02 
       7.685829637218e-01       2.139687531281e-02 
       8.146102292538e-01       1.877746778388e-02 
       8.669680480455e-01       1.631132955181e-02 
       9.265193831693e-01       1.402335531248e-02 
       9.938458886090e-01       1.194213741674e-02 
       1.069144954181e+00       1.009136500821e-02 
       1.152332760345e+00       8.480142624698e-03 
       1.243295708729e+00       7.100880974688e-03 
       1.342095772805e+00       5.932211901321e-03 
       1.449029203296e+00       4.948146565574e-03 
       1.564586374602e+00       4.122271437676e-03 
       1.689391516011e+00       3.430492377384e-03 
       1.824160856865e+00       2.851929102351e-03 
       1.969683202239e+00       2.368630355455e-03 
       2.126814942975e+00       1.965390227657e-03 
       2.296481943529e+00       1.629314467190e-03 
       2.479684162707e+00       1.349534636242e-03 
       2.677501369259e+00       1.116840686816e-03 
       2.891099475621e+00       9.235178485537e-04 
       3.121737405595e+00       7.630480475035e-04 
       3.370774513870e+00       6.299756053540e-04 
       3.639678597884e+00       5.197240068307e-04 
       3.930034548851e+00       4.284570902697e-04 
       4.243553692939e+00       3.529682843899e-04 
       4.582083877640e+00       2.905867898094e-04 
       4.947620362778e+00       2.390710692091e-04 
       5.342317580354e+00       1.965628343377e-04 
       5.768501832533e+00       1.615105235108e-04 
       6.228685002611e+00       1.326300024827e-04 
       6.725579359783e+00       1.088498003310e-04 
       7.262113544958e+00       8.928306388936e-05 
       7.841449831849e+00       7.319278281453e-05 
       8.467002765069e+00       5.997011071216e-05 
       9.142459285082e+00       4.911059717592e-05 
       9.871800458624e+00       4.019719424828e-05 
       1.065932494268e+01       3.288520403297e-05 
       1.150967432028e+01       2.689033102968e-05 
       1.242786045752e+01       2.197792776634e-05 
       1.341929504291e+01       1.795478447829e-05 
       1.448982148328e+01       1.466159930604e-05 
       1.564574934421e+01       1.196722736534e-05 
       1.689389153788e+01       9.763777369228e-06 
       1.824160447766e+01       7.962811095236e-06 
       1.969683143598e+01       6.491356036022e-06 
       2.126814936113e+01       5.289738686540e-06 
       2.296481942883e+01       4.308897126013e-06 
       2.479684162659e+01       3.508574039708e-06 
       2.677501369256e+01       2.855859656225e-06 
       2.891099475621e+01       2.323706557731e-06 
       3.121737405595e+01       1.890025687269e-06 
       3.370774513870e+01       1.536756048300e-06 
       3.639678597884e+01       1.249055698251e-06 
       3.930034548851e+01       1.014868274513e-06 
       4.243553692939e+01       8.243050782619e-07 
       4.582083877640e+01       6.692966317400e-07 
       4.947620362778e+01       5.432421742832e-07 
       5.342317580354e+01       4.407760770343e-07 
