# Matter power spectrum P(k) at redshift z=99
# for k=1.04206e-05 to 53.4232 h/Mpc,
# number of wavenumbers equal to 243
#    1:k (h/Mpc)              2:P (Mpc/h)^3        
       1.042057218184e-05       7.036260929411e-03 
       1.125187501919e-05       7.577807674685e-03 
       1.214949517534e-05       8.161033620366e-03 
       1.311872312515e-05       8.789148142149e-03 
       1.416527139199e-05       9.465605314445e-03 
       1.529530821670e-05       1.019412588022e-02 
       1.651549391254e-05       1.097871819660e-02 
       1.783302012034e-05       1.182369464608e-02 
       1.925565219523e-05       1.273370416834e-02 
       2.079177497483e-05       1.371375238049e-02 
       2.245044219853e-05       1.476922835650e-02 
       2.424142986925e-05       1.590593818750e-02 
       2.617529387212e-05       1.713013403726e-02 
       2.826343218975e-05       1.844854685101e-02 
       3.051815208062e-05       1.986842969040e-02 
       3.295274261680e-05       2.139759139788e-02 
       3.558155300819e-05       2.304444014597e-02 
       3.842007717529e-05       2.481803397811e-02 
       4.148504506860e-05       2.672812600751e-02 
       4.479452127312e-05       2.878522064375e-02 
       4.836801147907e-05       3.100063001239e-02 
       5.222657744628e-05       3.338653470847e-02 
       5.639296113988e-05       3.595605557656e-02 
       6.089171876895e-05       3.872331949878e-02 
       6.574936551816e-05       4.170354103628e-02 
       7.099453182532e-05       4.491310311044e-02 
       7.665813212606e-05       4.836964963010e-02 
       8.277354706016e-05       5.209217843662e-02 
       8.937682021332e-05       5.610114901091e-02 
       9.650687055417e-05       6.041858990856e-02 
       1.042057218184e-04       6.506822426534e-02 
       1.125187501919e-04       7.007559021781e-02 
       1.214949517534e-04       7.546819264288e-02 
       1.311872312515e-04       8.127563721460e-02 
       1.416527139199e-04       8.752980291625e-02 
       1.529530821670e-04       9.426500750798e-02 
       1.651549391254e-04       1.015181935261e-01 
       1.783302012034e-04       1.093291280192e-01 
       1.925565219523e-04       1.177406113770e-01 
       2.079177497483e-04       1.267987049437e-01 
       2.245044219853e-04       1.365529774710e-01 
       2.424142986925e-04       1.470567586983e-01 
       2.617529387212e-04       1.583674216515e-01 
       2.826343218975e-04       1.705466741311e-01 
       3.051815208062e-04       1.836608704947e-01 
       3.295274261680e-04       1.977813491794e-01 
       3.558155300819e-04       2.129847782550e-01 
       3.842007717529e-04       2.293535305426e-01 
       4.148504506860e-04       2.469760655676e-01 
       4.479452127312e-04       2.659473415023e-01 
       4.836801147907e-04       2.863692323900e-01 
       5.222657744628e-04       3.083509591931e-01 
       5.639296113988e-04       3.320095401213e-01 
       6.089171876895e-04       3.574702177472e-01 
       6.574936551816e-04       3.848669203740e-01 
       7.099453182532e-04       4.143426641708e-01 
       7.665813212606e-04       4.460499662631e-01 
       8.277354706016e-04       4.801511870534e-01 
       8.937682021332e-04       5.168188240260e-01 
       9.650687055417e-04       5.562356987903e-01 
       1.042057218184e-03       5.985950254489e-01 
       1.125187501919e-03       6.441003044477e-01 
       1.214949517534e-03       6.929649990758e-01 
       1.311872312515e-03       7.454119173502e-01 
       1.416527139199e-03       8.016805663163e-01 
       1.529530821670e-03       8.620070327584e-01 
       1.651549391254e-03       9.266333534575e-01 
       1.783302012034e-03       9.958058761181e-01 
       1.925565219523e-03       1.069769906536e+00 
       2.079177497483e-03       1.148765179436e+00 
       2.245044219853e-03       1.233020202432e+00 
       2.424142986925e-03       1.322745166207e+00 
       2.617529387212e-03       1.418123334331e+00 
       2.826343218975e-03       1.519300754235e+00 
       3.051815208062e-03       1.626374120677e+00 
       3.295274261680e-03       1.739376799202e+00 
       3.558155300819e-03       1.858263553996e+00 
       3.842007717529e-03       1.982892997528e+00 
       4.148504506860e-03       2.113010517690e+00 
       4.479452127312e-03       2.248230592513e+00 
       4.836801147907e-03       2.388020500127e+00 
       5.222657744628e-03       2.531687171642e+00 
       5.639296113988e-03       2.678368271653e+00 
       6.089171876895e-03       2.827032408430e+00 
       6.574936551816e-03       2.976481704055e+00 
       7.099453182532e-03       3.125365319214e+00 
       7.665813212606e-03       3.272196107281e+00 
       8.277354706016e-03       3.415370481647e+00 
       8.937682021332e-03       3.553180999324e+00 
       9.650687055417e-03       3.683816999568e+00 
       1.042057218184e-02       3.805351030270e+00 
       1.125187501919e-02       3.915703704964e+00 
       1.214949517534e-02       4.012614722056e+00 
       1.311872312515e-02       4.093620159325e+00 
       1.416527139199e-02       4.156090452364e+00 
       1.529530821666e-02       4.197320573983e+00 
       1.651549391176e-02       4.214691681546e+00 
       1.783302010906e-02       4.205837128563e+00 
       1.925565206518e-02       4.168830337733e+00 
       2.079177376287e-02       4.102321569664e+00 
       2.245043293693e-02       4.005780033770e+00 
       2.424137103356e-02       3.879728037553e+00 
       2.617497906706e-02       3.726109009489e+00 
       2.826199580119e-02       3.548473107987e+00 
       3.051249938375e-02       3.352158717469e+00 
       3.293336996262e-02       3.144354501340e+00 
       3.552331487266e-02       2.933974546194e+00 
       3.826582157228e-02       2.731058065124e+00 
       4.112404724473e-02       2.545237198325e+00 
       4.404493044138e-02       2.383526446538e+00 
       4.697466957067e-02       2.248565864509e+00 
       4.987520971806e-02       2.138753674111e+00 
       5.272987739079e-02       2.049721595483e+00 
       5.553868476799e-02       1.976109396619e+00 
       5.831086443783e-02       1.912768181787e+00 
       6.105929318352e-02       1.855170723500e+00 
       6.379744399755e-02       1.799541064030e+00 
       6.653804689347e-02       1.742903296034e+00 
       6.929265033370e-02       1.683094040486e+00 
       7.207159151451e-02       1.618770189973e+00 
       7.488412589325e-02       1.549404458026e+00 
       7.773860159413e-02       1.475269929653e+00 
       8.064263092727e-02       1.397361050994e+00 
       8.360324183574e-02       1.317279191093e+00 
       8.662700531640e-02       1.237047523025e+00 
       8.972014012085e-02       1.158905065226e+00 
       9.288859777810e-02       1.085057055428e+00 
       9.613813123925e-02       1.017439209681e+00 
       9.947435014200e-02       9.575066373088e-01 
       1.029027652301e-01       9.061078655492e-01 
       1.064288240027e-01       8.633033668614e-01 
       1.100579392682e-01       8.284154844778e-01 
       1.137955119551e-01       8.000015484960e-01 
       1.176469492760e-01       7.759704150564e-01 
       1.216176791504e-01       7.537823208641e-01 
       1.257131616481e-01       7.307747396911e-01 
       1.299388981110e-01       7.046086677630e-01 
       1.343004385401e-01       6.737623525211e-01 
       1.388033877828e-01       6.379218001480e-01 
       1.434534110299e-01       5.981252722772e-01 
       1.482562391095e-01       5.565575563074e-01 
       1.532176740608e-01       5.160279747139e-01 
       1.583435954687e-01       4.792817365780e-01 
       1.636399680441e-01       4.482886207427e-01 
       1.691128509406e-01       4.237672888792e-01 
       1.747684093051e-01       4.049968581003e-01 
       1.806129285724e-01       3.899884535784e-01 
       1.866528320180e-01       3.761606846529e-01 
       1.928947021034e-01       3.607124326303e-01 
       1.993453061587e-01       3.419142487150e-01 
       2.060116269760e-01       3.199320965073e-01 
       2.129008989175e-01       2.966488806775e-01 
       2.200206501922e-01       2.745761685490e-01 
       2.273787520223e-01       2.556977235095e-01 
       2.349834755150e-01       2.408124529158e-01 
       2.428435571828e-01       2.292068249414e-01 
       2.509682742266e-01       2.189117072895e-01 
       2.593675309230e-01       2.078806652254e-01 
       2.680519577530e-01       1.951951763508e-01 
       2.770330252880e-01       1.814323384331e-01 
       2.863231753450e-01       1.682472276962e-01 
       2.959359725497e-01       1.570851669768e-01 
       3.058862802544e-01       1.480303223826e-01 
       3.161904657924e-01       1.400523487963e-01 
       3.268666413804e-01       1.318842757162e-01 
       3.379349486994e-01       1.230787988095e-01 
       3.494178974139e-01       1.143258489950e-01 
       3.613407708034e-01       1.064992438427e-01 
       3.737321155121e-01       9.981105194973e-02 
       3.866243374979e-01       9.360219951435e-02 
       4.000544330338e-01       8.732776092759e-02 
       4.140648927098e-01       8.108312593513e-02 
       4.287048286841e-01       7.533088647962e-02 
       4.440313921574e-01       7.015126867648e-02 
       4.601115708827e-01       6.524377007094e-02 
       4.770244877639e-01       6.041019487850e-02 
       4.948643642554e-01       5.582897288497e-02 
       5.137443700216e-01       5.161634586384e-02 
       5.338016569706e-01       4.758313055277e-02 
       5.552039733995e-01       4.369972420914e-02 
       5.781583676391e-01       4.005173528156e-02 
       6.029225951850e-01       3.657541353678e-02 
       6.298198626618e-01       3.324356516371e-02 
       6.592572812968e-01       3.007955875961e-02 
       6.917474167662e-01       2.704751153285e-02 
       7.279297175260e-01       2.415714573983e-02 
       7.685829637218e-01       2.139689880181e-02 
       8.146102292538e-01       1.877749129369e-02 
       8.669680480455e-01       1.631135107916e-02 
       9.265193831693e-01       1.402338516285e-02 
       9.938458886090e-01       1.194215273977e-02 
       1.069144954181e+00       1.009137709910e-02 
       1.152332760345e+00       8.480151722223e-03 
       1.243295708729e+00       7.100888998686e-03 
       1.342095772805e+00       5.932219900441e-03 
       1.449029203296e+00       4.948153830720e-03 
       1.564586374602e+00       4.122274251987e-03 
       1.689391516011e+00       3.430498862992e-03 
       1.824160856865e+00       2.851933334478e-03 
       1.969683202239e+00       2.368631176167e-03 
       2.126814942975e+00       1.965392637141e-03 
       2.296481943529e+00       1.629317313482e-03 
       2.479684162707e+00       1.349537458854e-03 
       2.677501369259e+00       1.116842426399e-03 
       2.891099475621e+00       9.235193073684e-04 
       3.121737405595e+00       7.630493054338e-04 
       3.370774513870e+00       6.299769900050e-04 
       3.639678597884e+00       5.197251383175e-04 
       3.930034548851e+00       4.284580051639e-04 
       4.243553692939e+00       3.529687649620e-04 
       4.582083877640e+00       2.905876998899e-04 
       4.947620362778e+00       2.390720033298e-04 
       5.342317580354e+00       1.965637900239e-04 
       5.768501832533e+00       1.615115266257e-04 
       6.228685002611e+00       1.326308619387e-04 
       6.725579359783e+00       1.088506735939e-04 
       7.262113544958e+00       8.928395090606e-05 
       7.841449831849e+00       7.319363793241e-05 
       8.467002765069e+00       5.997095593238e-05 
       9.142459285082e+00       4.911138724049e-05 
       9.871800458624e+00       4.019802590269e-05 
       1.065932494268e+01       3.288597593454e-05 
       1.150967432028e+01       2.689107937450e-05 
       1.242786045752e+01       2.197864390880e-05 
       1.341929504291e+01       1.795550324051e-05 
       1.448982148328e+01       1.466229308716e-05 
       1.564574934421e+01       1.196790533421e-05 
       1.689389153788e+01       9.764434980610e-06 
       1.824160447766e+01       7.963454922744e-06 
       1.969683143598e+01       6.491981380793e-06 
       2.126814936113e+01       5.290342090242e-06 
       2.296481942883e+01       4.309481280615e-06 
       2.479684162659e+01       3.509140464381e-06 
       2.677501369256e+01       2.856411148339e-06 
       2.891099475621e+01       2.324221193895e-06 
       3.121737405595e+01       1.890535452587e-06 
       3.370774513870e+01       1.537249939146e-06 
       3.639678597884e+01       1.249530455801e-06 
       3.930034548851e+01       1.015330899518e-06 
       4.243553692939e+01       8.247535663652e-07 
       4.582083877640e+01       6.697257131526e-07 
       4.947620362778e+01       5.436654542688e-07 
       5.342317580354e+01       4.411842818035e-07 
