# Matter power spectrum P(k) at redshift z=99
# for k=1.04206e-05 to 53.4232 h/Mpc,
# number of wavenumbers equal to 243
#    1:k (h/Mpc)              2:P (Mpc/h)^3        
       1.042057218184e-05       7.036260936363e-03 
       1.125187501919e-05       7.577807682163e-03 
       1.214949517534e-05       8.161033628422e-03 
       1.311872312515e-05       8.789148150830e-03 
       1.416527139199e-05       9.465605323776e-03 
       1.529530821670e-05       1.019412589028e-02 
       1.651549391254e-05       1.097871820743e-02 
       1.783302012034e-05       1.182369465774e-02 
       1.925565219523e-05       1.273370418089e-02 
       2.079177497483e-05       1.371375239403e-02 
       2.245044219853e-05       1.476922837106e-02 
       2.424142986925e-05       1.590593820316e-02 
       2.617529387212e-05       1.713013405412e-02 
       2.826343218975e-05       1.844854686919e-02 
       3.051815208062e-05       1.986842970998e-02 
       3.295274261680e-05       2.139759141889e-02 
       3.558155300819e-05       2.304444016902e-02 
       3.842007717529e-05       2.481803400251e-02 
       4.148504506860e-05       2.672812603359e-02 
       4.479452127312e-05       2.878522067204e-02 
       4.836801147907e-05       3.100063004356e-02 
       5.222657744628e-05       3.338653474107e-02 
       5.639296113988e-05       3.595605561254e-02 
       6.089171876895e-05       3.872331953678e-02 
       6.574936551816e-05       4.170354107772e-02 
       7.099453182532e-05       4.491310315622e-02 
       7.665813212606e-05       4.836964967773e-02 
       8.277354706016e-05       5.209217848889e-02 
       8.937682021332e-05       5.610114906687e-02 
       9.650687055417e-05       6.041858996846e-02 
       1.042057218184e-04       6.506822432934e-02 
       1.125187501919e-04       7.007559028694e-02 
       1.214949517534e-04       7.546819271711e-02 
       1.311872312515e-04       8.127563729458e-02 
       1.416527139199e-04       8.752980300196e-02 
       1.529530821670e-04       9.426500760032e-02 
       1.651549391254e-04       1.015181936257e-01 
       1.783302012034e-04       1.093291281261e-01 
       1.925565219523e-04       1.177406114917e-01 
       2.079177497483e-04       1.267987050678e-01 
       2.245044219853e-04       1.365529776038e-01 
       2.424142986925e-04       1.470567588409e-01 
       2.617529387212e-04       1.583674218058e-01 
       2.826343218975e-04       1.705466742960e-01 
       3.051815208062e-04       1.836608706724e-01 
       3.295274261680e-04       1.977813493692e-01 
       3.558155300819e-04       2.129847784583e-01 
       3.842007717529e-04       2.293535307604e-01 
       4.148504506860e-04       2.469760658005e-01 
       4.479452127312e-04       2.659473417512e-01 
       4.836801147907e-04       2.863692326555e-01 
       5.222657744628e-04       3.083509594762e-01 
       5.639296113988e-04       3.320095404222e-01 
       6.089171876895e-04       3.574702180665e-01 
       6.574936551816e-04       3.848669207117e-01 
       7.099453182532e-04       4.143426645267e-01 
       7.665813212606e-04       4.460499666366e-01 
       8.277354706016e-04       4.801511874434e-01 
       8.937682021332e-04       5.168188244303e-01 
       9.650687055417e-04       5.562356992058e-01 
       1.042057218184e-03       5.985950258717e-01 
       1.125187501919e-03       6.441003048711e-01 
       1.214949517534e-03       6.929649994901e-01 
       1.311872312515e-03       7.454119177474e-01 
       1.416527139199e-03       8.016805666869e-01 
       1.529530821670e-03       8.620070330770e-01 
       1.651549391254e-03       9.266333536866e-01 
       1.783302012034e-03       9.958058762070e-01 
       1.925565219523e-03       1.069769906419e+00 
       2.079177497483e-03       1.148765179026e+00 
       2.245044219853e-03       1.233020200555e+00 
       2.424142986925e-03       1.322745164824e+00 
       2.617529387212e-03       1.418123332179e+00 
       2.826343218975e-03       1.519300749693e+00 
       3.051815208062e-03       1.626374116064e+00 
       3.295274261680e-03       1.739376792681e+00 
       3.558155300819e-03       1.858263544890e+00 
       3.842007717529e-03       1.982892984965e+00 
       4.148504506860e-03       2.113010500409e+00 
       4.479452127312e-03       2.248230568882e+00 
       4.836801147907e-03       2.388020467913e+00 
       5.222657744628e-03       2.531687338047e+00 
       5.639296113988e-03       2.678368386088e+00 
       6.089171876895e-03       2.827032666393e+00 
       6.574936551816e-03       2.976481579512e+00 
       7.099453182532e-03       3.125365392735e+00 
       7.665813212606e-03       3.272196440041e+00 
       8.277354706016e-03       3.415370252867e+00 
       8.937682021332e-03       3.553180656297e+00 
       9.650687055417e-03       3.683816385289e+00 
       1.042057218184e-02       3.805350528959e+00 
       1.125187501919e-02       3.915703022791e+00 
       1.214949517534e-02       4.012613619927e+00 
       1.311872312515e-02       4.093617911842e+00 
       1.416527139199e-02       4.156087684824e+00 
       1.529530821666e-02       4.197318495521e+00 
       1.651549391176e-02       4.214688471281e+00 
       1.783302010906e-02       4.205834053860e+00 
       1.925565206518e-02       4.168822606842e+00 
       2.079177376287e-02       4.102316598984e+00 
       2.245043293693e-02       4.005771616750e+00 
       2.424137103356e-02       3.879721188202e+00 
       2.617497906706e-02       3.726095879131e+00 
       2.826199580119e-02       3.548456917061e+00 
       3.051249938375e-02       3.352139109064e+00 
       3.293336996262e-02       3.144330852057e+00 
       3.552331487266e-02       2.933947336590e+00 
       3.826582157228e-02       2.731024276955e+00 
       4.112404724473e-02       2.545196535075e+00 
       4.404493044138e-02       2.383479788055e+00 
       4.697466957067e-02       2.248516773057e+00 
       4.987520971806e-02       2.138688920734e+00 
       5.272987739079e-02       2.049659303185e+00 
       5.553868476799e-02       1.976044569291e+00 
       5.831086443783e-02       1.912698601635e+00 
       6.105929318352e-02       1.855094666729e+00 
       6.379744399755e-02       1.799460628630e+00 
       6.653804689347e-02       1.742818446603e+00 
       6.929265033370e-02       1.683005164794e+00 
       7.207159151451e-02       1.618675108207e+00 
       7.488412589325e-02       1.549307733884e+00 
       7.773860159413e-02       1.475170098372e+00 
       8.064263092727e-02       1.397259324577e+00 
       8.360324183574e-02       1.317173673685e+00 
       8.662700531640e-02       1.236942779440e+00 
       8.972014012085e-02       1.158798170631e+00 
       9.288859777810e-02       1.084947805501e+00 
       9.613813123925e-02       1.017328622410e+00 
       9.947435014200e-02       9.574007924545e-01 
       1.029027652301e-01       9.059918770237e-01 
       1.064288240027e-01       8.631832977923e-01 
       1.100579392682e-01       8.282913838344e-01 
       1.137955119551e-01       7.998738779115e-01 
       1.176469492760e-01       7.758389162460e-01 
       1.216176791504e-01       7.536462104926e-01 
       1.257131616481e-01       7.306361900698e-01 
       1.299388981110e-01       7.044671383116e-01 
       1.343004385401e-01       6.736187925113e-01 
       1.388033877828e-01       6.377771339271e-01 
       1.434534110299e-01       5.979799460272e-01 
       1.482562391095e-01       5.564125312436e-01 
       1.532176740608e-01       5.158836537287e-01 
       1.583435954687e-01       4.791359528849e-01 
       1.636399680441e-01       4.481421258810e-01 
       1.691128509406e-01       4.236188421811e-01 
       1.747684093051e-01       4.048460244056e-01 
       1.806129285724e-01       3.898345512403e-01 
       1.866528320180e-01       3.760046089372e-01 
       1.928947021034e-01       3.605538464389e-01 
       1.993453061587e-01       3.417562652399e-01 
       2.060116269760e-01       3.197726084901e-01 
       2.129008989175e-01       2.964901464903e-01 
       2.200206501922e-01       2.744180090245e-01 
       2.273787520223e-01       2.555401661694e-01 
       2.349834755150e-01       2.406541451140e-01 
       2.428435571828e-01       2.290474502412e-01 
       2.509682742266e-01       2.187508270926e-01 
       2.593675309230e-01       2.077189053141e-01 
       2.680519577530e-01       1.950342911865e-01 
       2.770330252880e-01       1.812719391040e-01 
       2.863231753450e-01       1.680877548542e-01 
       2.959359725497e-01       1.569259698882e-01 
       3.058862802544e-01       1.478711505316e-01 
       3.161904657924e-01       1.398924849639e-01 
       3.268666413804e-01       1.317247636263e-01 
       3.379349486994e-01       1.229200638574e-01 
       3.494178974139e-01       1.141683969947e-01 
       3.613407708034e-01       1.063427736303e-01 
       3.737321155121e-01       9.965486845662e-02 
       3.866243374979e-01       9.344648380839e-02 
       4.000544330338e-01       8.717291570639e-02 
       4.140648927098e-01       8.092948009362e-02 
       4.287048286841e-01       7.517842343510e-02 
       4.440313921574e-01       6.999970538754e-02 
       4.601115708827e-01       6.509321503034e-02 
       4.770244877639e-01       6.026092187184e-02 
       4.948643642554e-01       5.568119530997e-02 
       5.137443700216e-01       5.146987303398e-02 
       5.338016569706e-01       4.743801452905e-02 
       5.552039733995e-01       4.355635706571e-02 
       5.781583676391e-01       3.990990112780e-02 
       6.029225951850e-01       3.643528336472e-02 
       6.298198626618e-01       3.310547371820e-02 
       6.592572812968e-01       2.994343408458e-02 
       6.917474167662e-01       2.691341208806e-02 
       7.279297175260e-01       2.402546809595e-02 
       7.685829637218e-01       2.126769251023e-02 
       8.146102292538e-01       1.865109007176e-02 
       8.669680480455e-01       1.618799632912e-02 
       9.265193831693e-01       1.390328038001e-02 
       9.938458886090e-01       1.182548507320e-02 
       1.069144954181e+00       9.978359713547e-03 
       1.152332760345e+00       8.370848494018e-03 
       1.243295708729e+00       6.995304662171e-03 
       1.342095772805e+00       5.830430915847e-03 
       1.449029203296e+00       4.850088322766e-03 
       1.564586374602e+00       4.027925395182e-03 
       1.689391516011e+00       3.339820686513e-03 
       1.824160856865e+00       2.764909763374e-03 
       1.969683202239e+00       2.285199327104e-03 
       2.126814942975e+00       1.885500033064e-03 
       2.296481943529e+00       1.552906402072e-03 
       2.479684162707e+00       1.276548721815e-03 
       2.677501369259e+00       1.047228553058e-03 
       2.891099475621e+00       8.572179919201e-04 
       3.121737405595e+00       6.999993133682e-04 
       3.370774513870e+00       5.701199370410e-04 
       3.639678597884e+00       4.629970113783e-04 
       3.930034548851e+00       3.748001956942e-04 
       4.243553692939e+00       3.023231475039e-04 
       4.582083877640e+00       2.428887390395e-04 
       4.947620362778e+00       1.942635207658e-04 
       5.342317580354e+00       1.545846734257e-04 
       5.768501832533e+00       1.223028770377e-04 
       6.228685002611e+00       9.612765365103e-05 
       6.725579359783e+00       7.498838122662e-05 
       7.262113544958e+00       5.799488318845e-05 
       7.841449831849e+00       4.440647317387e-05 
       8.467002765069e+00       3.361203498148e-05 
       9.142459285082e+00       2.510151259262e-05 
       9.871800458624e+00       1.845211621253e-05 
       1.065932494268e+01       1.331272050104e-05 
       1.150967432028e+01       9.392840450190e-06 
       1.242786045752e+01       6.450244319939e-06 
       1.341929504291e+01       4.284733098174e-06 
       1.448982148328e+01       2.729394016159e-06 
       1.564574934421e+01       1.646709120952e-06 
       1.689389153788e+01       9.229789898763e-07 
       1.824160447766e+01       4.652273019729e-07 
       1.969683143598e+01       1.979144770861e-07 
       2.126814936113e+01       6.094710217874e-08 
       2.296481942883e+01       7.340073117094e-09 
       2.479684162659e+01       1.694472138028e-09 
       2.677501369256e+01       1.856821014792e-08 
       2.891099475621e+01       4.099373929186e-08 
       3.121737405595e+01       5.897889536108e-08 
       3.370774513870e+01       6.799675468477e-08 
       3.639678597884e+01       6.747224378243e-08 
       3.930034548851e+01       5.935065002205e-08 
       4.243553692939e+01       4.675219384494e-08 
       4.582083877640e+01       3.291127916174e-08 
       4.947620362778e+01       2.042645256160e-08 
       5.342317580354e+01       1.083396821901e-08 
