# Matter power spectrum P(k) at redshift z=99
# for k=1.04206e-05 to 53.4232 h/Mpc,
# number of wavenumbers equal to 243
#    1:k (h/Mpc)              2:P (Mpc/h)^3        
       1.042057218184e-05       7.036260929412e-03 
       1.125187501919e-05       7.577807674685e-03 
       1.214949517534e-05       8.161033620367e-03 
       1.311872312515e-05       8.789148142149e-03 
       1.416527139199e-05       9.465605314446e-03 
       1.529530821670e-05       1.019412588022e-02 
       1.651549391254e-05       1.097871819660e-02 
       1.783302012034e-05       1.182369464608e-02 
       1.925565219523e-05       1.273370416834e-02 
       2.079177497483e-05       1.371375238049e-02 
       2.245044219853e-05       1.476922835651e-02 
       2.424142986925e-05       1.590593818750e-02 
       2.617529387212e-05       1.713013403726e-02 
       2.826343218975e-05       1.844854685101e-02 
       3.051815208062e-05       1.986842969040e-02 
       3.295274261680e-05       2.139759139788e-02 
       3.558155300819e-05       2.304444014597e-02 
       3.842007717529e-05       2.481803397812e-02 
       4.148504506860e-05       2.672812600751e-02 
       4.479452127312e-05       2.878522064375e-02 
       4.836801147907e-05       3.100063001240e-02 
       5.222657744628e-05       3.338653470847e-02 
       5.639296113988e-05       3.595605557656e-02 
       6.089171876895e-05       3.872331949878e-02 
       6.574936551816e-05       4.170354103629e-02 
       7.099453182532e-05       4.491310311044e-02 
       7.665813212606e-05       4.836964963011e-02 
       8.277354706016e-05       5.209217843662e-02 
       8.937682021332e-05       5.610114901092e-02 
       9.650687055417e-05       6.041858990857e-02 
       1.042057218184e-04       6.506822426535e-02 
       1.125187501919e-04       7.007559021782e-02 
       1.214949517534e-04       7.546819264288e-02 
       1.311872312515e-04       8.127563721461e-02 
       1.416527139199e-04       8.752980291626e-02 
       1.529530821670e-04       9.426500750798e-02 
       1.651549391254e-04       1.015181935261e-01 
       1.783302012034e-04       1.093291280192e-01 
       1.925565219523e-04       1.177406113770e-01 
       2.079177497483e-04       1.267987049437e-01 
       2.245044219853e-04       1.365529774710e-01 
       2.424142986925e-04       1.470567586983e-01 
       2.617529387212e-04       1.583674216515e-01 
       2.826343218975e-04       1.705466741312e-01 
       3.051815208062e-04       1.836608704947e-01 
       3.295274261680e-04       1.977813491794e-01 
       3.558155300819e-04       2.129847782550e-01 
       3.842007717529e-04       2.293535305426e-01 
       4.148504506860e-04       2.469760655676e-01 
       4.479452127312e-04       2.659473415023e-01 
       4.836801147907e-04       2.863692323900e-01 
       5.222657744628e-04       3.083509591931e-01 
       5.639296113988e-04       3.320095401213e-01 
       6.089171876895e-04       3.574702177472e-01 
       6.574936551816e-04       3.848669203741e-01 
       7.099453182532e-04       4.143426641708e-01 
       7.665813212606e-04       4.460499662631e-01 
       8.277354706016e-04       4.801511870535e-01 
       8.937682021332e-04       5.168188240261e-01 
       9.650687055417e-04       5.562356987901e-01 
       1.042057218184e-03       5.985950254488e-01 
       1.125187501919e-03       6.441003044474e-01 
       1.214949517534e-03       6.929649990757e-01 
       1.311872312515e-03       7.454119173502e-01 
       1.416527139199e-03       8.016805663163e-01 
       1.529530821670e-03       8.620070327584e-01 
       1.651549391254e-03       9.266333534580e-01 
       1.783302012034e-03       9.958058761181e-01 
       1.925565219523e-03       1.069769906536e+00 
       2.079177497483e-03       1.148765179436e+00 
       2.245044219853e-03       1.233020202432e+00 
       2.424142986925e-03       1.322745166207e+00 
       2.617529387212e-03       1.418123334331e+00 
       2.826343218975e-03       1.519300754202e+00 
       3.051815208062e-03       1.626374120677e+00 
       3.295274261680e-03       1.739376799166e+00 
       3.558155300819e-03       1.858263554010e+00 
       3.842007717529e-03       1.982892997551e+00 
       4.148504506860e-03       2.113010517688e+00 
       4.479452127312e-03       2.248230592448e+00 
       4.836801147907e-03       2.388020500077e+00 
       5.222657744628e-03       2.531687171639e+00 
       5.639296113988e-03       2.678368376106e+00 
       6.089171876895e-03       2.827032408425e+00 
       6.574936551816e-03       2.976481704049e+00 
       7.099453182532e-03       3.125365319207e+00 
       7.665813212606e-03       3.272196107271e+00 
       8.277354706016e-03       3.415370481635e+00 
       8.937682021332e-03       3.553180999306e+00 
       9.650687055417e-03       3.683816999581e+00 
       1.042057218184e-02       3.805351171868e+00 
       1.125187501919e-02       3.915703856960e+00 
       1.214949517534e-02       4.012614576936e+00 
       1.311872312515e-02       4.093620159285e+00 
       1.416527139199e-02       4.156089568638e+00 
       1.529530821666e-02       4.197320573924e+00 
       1.651549391176e-02       4.214688594918e+00 
       1.783302010906e-02       4.205837128477e+00 
       1.925565206518e-02       4.168827147903e+00 
       2.079177376287e-02       4.102321569542e+00 
       2.245043293693e-02       4.005780033629e+00 
       2.424137103356e-02       3.879728037227e+00 
       2.617497906706e-02       3.726109009292e+00 
       2.826199580119e-02       3.548474981880e+00 
       3.051249938375e-02       3.352160279678e+00 
       3.293336996262e-02       3.144354501003e+00 
       3.552331487266e-02       2.933973970391e+00 
       3.826582157228e-02       2.731058064654e+00 
       4.112404724473e-02       2.545235901248e+00 
       4.404493044138e-02       2.383526080870e+00 
       4.697466957067e-02       2.248567798935e+00 
       4.987520971806e-02       2.138753708207e+00 
       5.272987739079e-02       2.049721742753e+00 
       5.553868476799e-02       1.976109546430e+00 
       5.831086443783e-02       1.912771436257e+00 
       6.105929318352e-02       1.855172088317e+00 
       6.379744399755e-02       1.799541738673e+00 
       6.653804689347e-02       1.742905259850e+00 
       6.929265033370e-02       1.683094856700e+00 
       7.207159151451e-02       1.618770614561e+00 
       7.488412589325e-02       1.549404609379e+00 
       7.773860159413e-02       1.475269436222e+00 
       8.064263092727e-02       1.397361195224e+00 
       8.360324183574e-02       1.317279321288e+00 
       8.662700531640e-02       1.237048241754e+00 
       8.972014012085e-02       1.158905631196e+00 
       9.288859777810e-02       1.085056992978e+00 
       9.613813123925e-02       1.017439945953e+00 
       9.947435014200e-02       9.575158448890e-01 
       1.029027652301e-01       9.061068590782e-01 
       1.064288240027e-01       8.633041139489e-01 
       1.100579392682e-01       8.284148946230e-01 
       1.137955119551e-01       8.000012170061e-01 
       1.176469492760e-01       7.759706445008e-01 
       1.216176791504e-01       7.537821391689e-01 
       1.257131616481e-01       7.307740292786e-01 
       1.299388981110e-01       7.046083634843e-01 
       1.343004385401e-01       6.737620044181e-01 
       1.388033877828e-01       6.379215631392e-01 
       1.434534110299e-01       5.981247189973e-01 
       1.482562391095e-01       5.565575344189e-01 
       1.532176740608e-01       5.160288807010e-01 
       1.583435954687e-01       4.792813877485e-01 
       1.636399680441e-01       4.482882841852e-01 
       1.691128509406e-01       4.237670572224e-01 
       1.747684093051e-01       4.049967612587e-01 
       1.806129285724e-01       3.899887730287e-01 
       1.866528320180e-01       3.761602969449e-01 
       1.928947021034e-01       3.607123325004e-01 
       1.993453061587e-01       3.419139766955e-01 
       2.060116269760e-01       3.199320209416e-01 
       2.129008989175e-01       2.966494390109e-01 
       2.200206501922e-01       2.745749830371e-01 
       2.273787520223e-01       2.556972568673e-01 
       2.349834755150e-01       2.408120854520e-01 
       2.428435571828e-01       2.292065969126e-01 
       2.509682742266e-01       2.189113816499e-01 
       2.593675309230e-01       2.078816509854e-01 
       2.680519577530e-01       1.951955960762e-01 
       2.770330252880e-01       1.814326139405e-01 
       2.863231753450e-01       1.682470204356e-01 
       2.959359725497e-01       1.570843312815e-01 
       3.058862802544e-01       1.480302410664e-01 
       3.161904657924e-01       1.400525466513e-01 
       3.268666413804e-01       1.318847287090e-01 
       3.379349486994e-01       1.230788404216e-01 
       3.494178974139e-01       1.143256862238e-01 
       3.613407708034e-01       1.064991429987e-01 
       3.737321155121e-01       9.981084582284e-02 
       3.866243374979e-01       9.360216666978e-02 
       4.000544330338e-01       8.732774006500e-02 
       4.140648927098e-01       8.108297663413e-02 
       4.287048286841e-01       7.533074929849e-02 
       4.440313921574e-01       7.015116027964e-02 
       4.601115708827e-01       6.524369559619e-02 
       4.770244877639e-01       6.041010822235e-02 
       4.948643642554e-01       5.582885117037e-02 
       5.137443700216e-01       5.161625601586e-02 
       5.338016569706e-01       4.758306005298e-02 
       5.552039733995e-01       4.369962720501e-02 
       5.781583676391e-01       4.005166721652e-02 
       6.029225951850e-01       3.657534560749e-02 
       6.298198626618e-01       3.324350321670e-02 
       6.592572812968e-01       3.007950501053e-02 
       6.917474167662e-01       2.704745797831e-02 
       7.279297175260e-01       2.415709471855e-02 
       7.685829637218e-01       2.139685946505e-02 
       8.146102292538e-01       1.877745129465e-02 
       8.669680480455e-01       1.631131611798e-02 
       9.265193831693e-01       1.402335499250e-02 
       9.938458886090e-01       1.194212629821e-02 
       1.069144954181e+00       1.009135729816e-02 
       1.152332760345e+00       8.480136996052e-03 
       1.243295708729e+00       7.100875524863e-03 
       1.342095772805e+00       5.932208091249e-03 
       1.449029203296e+00       4.948142795307e-03 
       1.564586374602e+00       4.122266733296e-03 
       1.689391516011e+00       3.430489757215e-03 
       1.824160856865e+00       2.851921939913e-03 
       1.969683202239e+00       2.368625149255e-03 
       2.126814942975e+00       1.965385677054e-03 
       2.296481943529e+00       1.629309590631e-03 
       2.479684162707e+00       1.349530754738e-03 
       2.677501369259e+00       1.116835823997e-03 
       2.891099475621e+00       9.235128616665e-04 
       3.121737405595e+00       7.630433328484e-04 
       3.370774513870e+00       6.299711525895e-04 
       3.639678597884e+00       5.197198267126e-04 
       3.930034548851e+00       4.284523930188e-04 
       4.243553692939e+00       3.529632441582e-04 
       4.582083877640e+00       2.905823858800e-04 
       4.947620362778e+00       2.390666454789e-04 
       5.342317580354e+00       1.965584670831e-04 
       5.768501832533e+00       1.615064531065e-04 
       6.228685002611e+00       1.326258174680e-04 
       6.725579359783e+00       1.088457201949e-04 
       7.262113544958e+00       8.927910041644e-05 
       7.841449831849e+00       7.318888105858e-05 
       8.467002765069e+00       5.996627244176e-05 
       9.142459285082e+00       4.910685137725e-05 
       9.871800458624e+00       4.019353330660e-05 
       1.065932494268e+01       3.288160649088e-05 
       1.150967432028e+01       2.688684747918e-05 
       1.242786045752e+01       2.197461579382e-05 
       1.341929504291e+01       1.795135818699e-05 
       1.448982148328e+01       1.465835634357e-05 
       1.564574934421e+01       1.196366773884e-05 
       1.689389153788e+01       9.760664502722e-06 
       1.824160447766e+01       7.959804821840e-06 
       1.969683143598e+01       6.488448345468e-06 
       2.126814936113e+01       5.286845987080e-06 
       2.296481942883e+01       4.306067102001e-06 
       2.479684162659e+01       3.505826250332e-06 
       2.677501369256e+01       2.853195669389e-06 
       2.891099475621e+01       2.321115980099e-06 
       3.121737405595e+01       1.887478121044e-06 
       3.370774513870e+01       1.534262929881e-06 
       3.639678597884e+01       1.246634364084e-06 
       3.930034548851e+01       1.012512928929e-06 
       4.243553692939e+01       8.220087889437e-07 
       4.582083877640e+01       6.670537771829e-07 
       4.947620362778e+01       5.410660992607e-07 
       5.342317580354e+01       4.386513103201e-07 
