# Matter power spectrum P(k) at redshift z=99
# for k=1.04206e-05 to 53.4232 h/Mpc,
# number of wavenumbers equal to 243
#    1:k (h/Mpc)              2:P (Mpc/h)^3        
       1.042057218184e-05       7.036260929415e-03 
       1.125187501919e-05       7.577807674689e-03 
       1.214949517534e-05       8.161033620371e-03 
       1.311872312515e-05       8.789148142154e-03 
       1.416527139199e-05       9.465605314451e-03 
       1.529530821670e-05       1.019412588023e-02 
       1.651549391254e-05       1.097871819661e-02 
       1.783302012034e-05       1.182369464609e-02 
       1.925565219523e-05       1.273370416834e-02 
       2.079177497483e-05       1.371375238049e-02 
       2.245044219853e-05       1.476922835651e-02 
       2.424142986925e-05       1.590593818751e-02 
       2.617529387212e-05       1.713013403727e-02 
       2.826343218975e-05       1.844854685102e-02 
       3.051815208062e-05       1.986842969041e-02 
       3.295274261680e-05       2.139759139789e-02 
       3.558155300819e-05       2.304444014598e-02 
       3.842007717529e-05       2.481803397813e-02 
       4.148504506860e-05       2.672812600752e-02 
       4.479452127312e-05       2.878522064377e-02 
       4.836801147907e-05       3.100063001241e-02 
       5.222657744628e-05       3.338653470848e-02 
       5.639296113988e-05       3.595605557658e-02 
       6.089171876895e-05       3.872331949880e-02 
       6.574936551816e-05       4.170354103631e-02 
       7.099453182532e-05       4.491310311046e-02 
       7.665813212606e-05       4.836964963013e-02 
       8.277354706016e-05       5.209217843665e-02 
       8.937682021332e-05       5.610114901095e-02 
       9.650687055417e-05       6.041858990860e-02 
       1.042057218184e-04       6.506822426538e-02 
       1.125187501919e-04       7.007559021785e-02 
       1.214949517534e-04       7.546819264292e-02 
       1.311872312515e-04       8.127563721465e-02 
       1.416527139199e-04       8.752980291630e-02 
       1.529530821670e-04       9.426500750803e-02 
       1.651549391254e-04       1.015181935261e-01 
       1.783302012034e-04       1.093291280192e-01 
       1.925565219523e-04       1.177406113771e-01 
       2.079177497483e-04       1.267987049437e-01 
       2.245044219853e-04       1.365529774710e-01 
       2.424142986925e-04       1.470567586984e-01 
       2.617529387212e-04       1.583674216516e-01 
       2.826343218975e-04       1.705466741312e-01 
       3.051815208062e-04       1.836608704948e-01 
       3.295274261680e-04       1.977813491795e-01 
       3.558155300819e-04       2.129847782551e-01 
       3.842007717529e-04       2.293535305427e-01 
       4.148504506860e-04       2.469760655678e-01 
       4.479452127312e-04       2.659473415024e-01 
       4.836801147907e-04       2.863692323901e-01 
       5.222657744628e-04       3.083509591932e-01 
       5.639296113988e-04       3.320095401214e-01 
       6.089171876895e-04       3.574702177474e-01 
       6.574936551816e-04       3.848669203742e-01 
       7.099453182532e-04       4.143426641710e-01 
       7.665813212606e-04       4.460499662633e-01 
       8.277354706016e-04       4.801511870536e-01 
       8.937682021332e-04       5.168188240262e-01 
       9.650687055417e-04       5.562356987902e-01 
       1.042057218184e-03       5.985950254491e-01 
       1.125187501919e-03       6.441003044478e-01 
       1.214949517534e-03       6.929649990760e-01 
       1.311872312515e-03       7.454119173492e-01 
       1.416527139199e-03       8.016805663057e-01 
       1.529530821670e-03       8.620070327583e-01 
       1.651549391254e-03       9.266333534579e-01 
       1.783302012034e-03       9.958058761178e-01 
       1.925565219523e-03       1.069769906535e+00 
       2.079177497483e-03       1.148765179429e+00 
       2.245044219853e-03       1.233020202431e+00 
       2.424142986925e-03       1.322745166206e+00 
       2.617529387212e-03       1.418123334329e+00 
       2.826343218975e-03       1.519300754232e+00 
       3.051815208062e-03       1.626374120673e+00 
       3.295274261680e-03       1.739376799197e+00 
       3.558155300819e-03       1.858263553990e+00 
       3.842007717529e-03       1.982892997544e+00 
       4.148504506860e-03       2.113010517681e+00 
       4.479452127312e-03       2.248230592498e+00 
       4.836801147907e-03       2.388020500099e+00 
       5.222657744628e-03       2.531687179814e+00 
       5.639296113988e-03       2.678368271623e+00 
       6.089171876895e-03       2.827032408388e+00 
       6.574936551816e-03       2.976481704008e+00 
       7.099453182532e-03       3.125365319155e+00 
       7.665813212606e-03       3.272196174918e+00 
       8.277354706016e-03       3.415370827437e+00 
       8.937682021332e-03       3.553180999016e+00 
       9.650687055417e-03       3.683816999428e+00 
       1.042057218184e-02       3.805351171717e+00 
       1.125187501919e-02       3.915703856785e+00 
       1.214949517534e-02       4.012614685282e+00 
       1.311872312515e-02       4.093620159008e+00 
       1.416527139199e-02       4.156089568302e+00 
       1.529530821666e-02       4.197321300274e+00 
       1.651549391176e-02       4.214689105843e+00 
       1.783302010906e-02       4.205838174964e+00 
       1.925565206518e-02       4.168830336925e+00 
       2.079177376287e-02       4.102325627409e+00 
       2.245043293693e-02       4.005780032642e+00 
       2.424137103356e-02       3.879731734704e+00 
       2.617497906706e-02       3.726100713783e+00 
       2.826199580119e-02       3.548481009667e+00 
       3.051249938375e-02       3.352160277868e+00 
       3.293336996262e-02       3.144354498751e+00 
       3.552331487266e-02       2.933975105751e+00 
       3.826582157228e-02       2.731057709748e+00 
       4.112404724473e-02       2.545237165853e+00 
       4.404493044138e-02       2.383525674747e+00 
       4.697466957067e-02       2.248576346602e+00 
       4.987520971806e-02       2.138746834473e+00 
       5.272987739079e-02       2.049721738117e+00 
       5.553868476799e-02       1.976110939966e+00 
       5.831086443783e-02       1.912771791054e+00 
       6.105929318352e-02       1.855170864651e+00 
       6.379744399755e-02       1.799541359397e+00 
       6.653804689347e-02       1.742904788446e+00 
       6.929265033370e-02       1.683094175410e+00 
       7.207159151451e-02       1.618768795995e+00 
       7.488412589325e-02       1.549403873546e+00 
       7.773860159413e-02       1.475269240217e+00 
       8.064263092727e-02       1.397360324954e+00 
       8.360324183574e-02       1.317277769476e+00 
       8.662700531640e-02       1.237048219763e+00 
       8.972014012085e-02       1.158905600587e+00 
       9.288859777810e-02       1.085057003613e+00 
       9.613813123925e-02       1.017439918724e+00 
       9.947435014200e-02       9.575146143775e-01 
       1.029027652301e-01       9.061078171159e-01 
       1.064288240027e-01       8.633041307647e-01 
       1.100579392682e-01       8.284152989348e-01 
       1.137955119551e-01       8.000012997905e-01 
       1.176469492760e-01       7.759702409071e-01 
       1.216176791504e-01       7.537822636368e-01 
       1.257131616481e-01       7.307753377230e-01 
       1.299388981110e-01       7.046078631005e-01 
       1.343004385401e-01       6.737613501832e-01 
       1.388033877828e-01       6.379209121937e-01 
       1.434534110299e-01       5.981246263481e-01 
       1.482562391095e-01       5.565584560661e-01 
       1.532176740608e-01       5.160285518479e-01 
       1.583435954687e-01       4.792814125265e-01 
       1.636399680441e-01       4.482883809535e-01 
       1.691128509406e-01       4.237669533798e-01 
       1.747684093051e-01       4.049965739610e-01 
       1.806129285724e-01       3.899873879642e-01 
       1.866528320180e-01       3.761633846340e-01 
       1.928947021034e-01       3.607150723413e-01 
       1.993453061587e-01       3.419175427837e-01 
       2.060116269760e-01       3.199352883253e-01 
       2.129008989175e-01       2.966477071246e-01 
       2.200206501922e-01       2.745751187993e-01 
       2.273787520223e-01       2.556972342506e-01 
       2.349834755150e-01       2.408120930144e-01 
       2.428435571828e-01       2.292065714709e-01 
       2.509682742266e-01       2.189139662856e-01 
       2.593675309230e-01       2.078827964097e-01 
       2.680519577530e-01       1.951958075005e-01 
       2.770330252880e-01       1.814320026785e-01 
       2.863231753450e-01       1.682469087261e-01 
       2.959359725497e-01       1.570846023211e-01 
       3.058862802544e-01       1.480300038573e-01 
       3.161904657924e-01       1.400522583073e-01 
       3.268666413804e-01       1.318843139534e-01 
       3.379349486994e-01       1.230785963895e-01 
       3.494178974139e-01       1.143257363606e-01 
       3.613407708034e-01       1.064990525593e-01 
       3.737321155121e-01       9.981081566709e-02 
       3.866243374979e-01       9.360200824834e-02 
       4.000544330338e-01       8.732759667398e-02 
       4.140648927098e-01       8.108294697809e-02 
       4.287048286841e-01       7.533072747257e-02 
       4.440313921574e-01       7.015110258876e-02 
       4.601115708827e-01       6.524363654127e-02 
       4.770244877639e-01       6.041005206917e-02 
       4.948643642554e-01       5.582881151009e-02 
       5.137443700216e-01       5.161621673752e-02 
       5.338016569706e-01       4.758300389569e-02 
       5.552039733995e-01       4.369960779673e-02 
       5.781583676391e-01       4.005162428817e-02 
       6.029225951850e-01       3.657530949598e-02 
       6.298198626618e-01       3.324347291789e-02 
       6.592572812968e-01       3.007947232532e-02 
       6.917474167662e-01       2.704742058732e-02 
       7.279297175260e-01       2.415705694934e-02 
       7.685829637218e-01       2.139682315533e-02 
       8.146102292538e-01       1.877741264877e-02 
       8.669680480455e-01       1.631127694514e-02 
       9.265193831693e-01       1.402331362115e-02 
       9.938458886090e-01       1.194208809342e-02 
       1.069144954181e+00       1.009131744001e-02 
       1.152332760345e+00       8.480094458087e-03 
       1.243295708729e+00       7.100834660517e-03 
       1.342095772805e+00       5.932164965868e-03 
       1.449029203296e+00       4.948102556366e-03 
       1.564586374602e+00       4.122225524082e-03 
       1.689391516011e+00       3.430446337780e-03 
       1.824160856865e+00       2.851882942092e-03 
       1.969683202239e+00       2.368582359777e-03 
       2.126814942975e+00       1.965344454155e-03 
       2.296481943529e+00       1.629268680873e-03 
       2.479684162707e+00       1.349489973047e-03 
       2.677501369259e+00       1.116797012627e-03 
       2.891099475621e+00       9.234716958239e-04 
       3.121737405595e+00       7.630033702417e-04 
       3.370774513870e+00       6.299314124557e-04 
       3.639678597884e+00       5.196801230463e-04 
       3.930034548851e+00       4.284153757285e-04 
       4.243553692939e+00       3.529285968542e-04 
       4.582083877640e+00       2.905455091689e-04 
       4.947620362778e+00       2.390284938110e-04 
       5.342317580354e+00       1.965202569072e-04 
       5.768501832533e+00       1.614720385053e-04 
       6.228685002611e+00       1.325896264753e-04 
       6.725579359783e+00       1.088104904517e-04 
       7.262113544958e+00       8.924383236756e-05 
       7.841449831849e+00       7.315413332646e-05 
       8.467002765069e+00       5.993187839292e-05 
       9.142459285082e+00       4.907355353071e-05 
       9.871800458624e+00       4.016071351646e-05 
       1.065932494268e+01       3.284877689151e-05 
       1.150967432028e+01       2.685479487575e-05 
       1.242786045752e+01       2.194293143240e-05 
       1.341929504291e+01       1.792024369674e-05 
       1.448982148328e+01       1.462774230862e-05 
       1.564574934421e+01       1.193388814556e-05 
       1.689389153788e+01       9.731020038366e-06 
       1.824160447766e+01       7.930417783761e-06 
       1.969683143598e+01       6.459500912649e-06 
       2.126814936113e+01       5.258250121047e-06 
       2.296481942883e+01       4.277842901686e-06 
       2.479684162659e+01       3.477930835853e-06 
       2.677501369256e+01       2.825590182813e-06 
       2.891099475621e+01       2.293783592260e-06 
       3.121737405595e+01       1.860444707264e-06 
       3.370774513870e+01       1.507479118547e-06 
       3.639678597884e+01       1.220091751466e-06 
       3.930034548851e+01       9.862018896788e-07 
       4.243553692939e+01       7.959207586432e-07 
       4.582083877640e+01       6.411838469171e-07 
       4.947620362778e+01       5.154124057775e-07 
       5.342317580354e+01       4.132320125552e-07 
