# Matter power spectrum P(k) at redshift z=99
# for k=1.04206e-05 to 53.4232 h/Mpc,
# number of wavenumbers equal to 243
#    1:k (h/Mpc)              2:P (Mpc/h)^3        
       1.042057218184e-05       7.036260929423e-03 
       1.125187501919e-05       7.577807674697e-03 
       1.214949517534e-05       8.161033620380e-03 
       1.311872312515e-05       8.789148142163e-03 
       1.416527139199e-05       9.465605314461e-03 
       1.529530821670e-05       1.019412588024e-02 
       1.651549391254e-05       1.097871819662e-02 
       1.783302012034e-05       1.182369464610e-02 
       1.925565219523e-05       1.273370416836e-02 
       2.079177497483e-05       1.371375238051e-02 
       2.245044219853e-05       1.476922835653e-02 
       2.424142986925e-05       1.590593818753e-02 
       2.617529387212e-05       1.713013403729e-02 
       2.826343218975e-05       1.844854685104e-02 
       3.051815208062e-05       1.986842969043e-02 
       3.295274261680e-05       2.139759139791e-02 
       3.558155300819e-05       2.304444014600e-02 
       3.842007717529e-05       2.481803397816e-02 
       4.148504506860e-05       2.672812600755e-02 
       4.479452127312e-05       2.878522064380e-02 
       4.836801147907e-05       3.100063001244e-02 
       5.222657744628e-05       3.338653470852e-02 
       5.639296113988e-05       3.595605557662e-02 
       6.089171876895e-05       3.872331949884e-02 
       6.574936551816e-05       4.170354103635e-02 
       7.099453182532e-05       4.491310311051e-02 
       7.665813212606e-05       4.836964963018e-02 
       8.277354706016e-05       5.209217843671e-02 
       8.937682021332e-05       5.610114901101e-02 
       9.650687055417e-05       6.041858990866e-02 
       1.042057218184e-04       6.506822426545e-02 
       1.125187501919e-04       7.007559021793e-02 
       1.214949517534e-04       7.546819264300e-02 
       1.311872312515e-04       8.127563721474e-02 
       1.416527139199e-04       8.752980291640e-02 
       1.529530821670e-04       9.426500750813e-02 
       1.651549391254e-04       1.015181935262e-01 
       1.783302012034e-04       1.093291280194e-01 
       1.925565219523e-04       1.177406113772e-01 
       2.079177497483e-04       1.267987049439e-01 
       2.245044219853e-04       1.365529774712e-01 
       2.424142986925e-04       1.470567586986e-01 
       2.617529387212e-04       1.583674216518e-01 
       2.826343218975e-04       1.705466741314e-01 
       3.051815208062e-04       1.836608704950e-01 
       3.295274261680e-04       1.977813491797e-01 
       3.558155300819e-04       2.129847782553e-01 
       3.842007717529e-04       2.293535305430e-01 
       4.148504506860e-04       2.469760655680e-01 
       4.479452127312e-04       2.659473415027e-01 
       4.836801147907e-04       2.863692323904e-01 
       5.222657744628e-04       3.083509591935e-01 
       5.639296113988e-04       3.320095401217e-01 
       6.089171876895e-04       3.574702177477e-01 
       6.574936551816e-04       3.848669203746e-01 
       7.099453182532e-04       4.143426641713e-01 
       7.665813212606e-04       4.460499662636e-01 
       8.277354706016e-04       4.801511870540e-01 
       8.937682021332e-04       5.168188240266e-01 
       9.650687055417e-04       5.562356987906e-01 
       1.042057218184e-03       5.985950254494e-01 
       1.125187501919e-03       6.441003044479e-01 
       1.214949517534e-03       6.929649990761e-01 
       1.311872312515e-03       7.454119173505e-01 
       1.416527139199e-03       8.016805663165e-01 
       1.529530821670e-03       8.620070327583e-01 
       1.651549391254e-03       9.266333534576e-01 
       1.783302012034e-03       9.958058761172e-01 
       1.925565219523e-03       1.069769906526e+00 
       2.079177497483e-03       1.148765179428e+00 
       2.245044219853e-03       1.233020201371e+00 
       2.424142986925e-03       1.322745166489e+00 
       2.617529387212e-03       1.418123334325e+00 
       2.826343218975e-03       1.519300754226e+00 
       3.051815208062e-03       1.626374120666e+00 
       3.295274261680e-03       1.739376799151e+00 
       3.558155300819e-03       1.858263553831e+00 
       3.842007717529e-03       1.982892997527e+00 
       4.148504506860e-03       2.113010517598e+00 
       4.479452127312e-03       2.248230592408e+00 
       4.836801147907e-03       2.388020500057e+00 
       5.222657744628e-03       2.531687171575e+00 
       5.639296113988e-03       2.678368271567e+00 
       6.089171876895e-03       2.827032408322e+00 
       6.574936551816e-03       2.976481703933e+00 
       7.099453182532e-03       3.125365319045e+00 
       7.665813212606e-03       3.272196107159e+00 
       8.277354706016e-03       3.415370827266e+00 
       8.937682021332e-03       3.553180998990e+00 
       9.650687055417e-03       3.683816999164e+00 
       1.042057218184e-02       3.805350870091e+00 
       1.125187501919e-02       3.915703695403e+00 
       1.214949517534e-02       4.012614576222e+00 
       1.311872312515e-02       4.093620158413e+00 
       1.416527139199e-02       4.156090451255e+00 
       1.529530821666e-02       4.197320572640e+00 
       1.651549391176e-02       4.214691679926e+00 
       1.783302010906e-02       4.205838173696e+00 
       1.925565206518e-02       4.168827124838e+00 
       2.079177376287e-02       4.102324964898e+00 
       2.245043293693e-02       4.005780030518e+00 
       2.424137103356e-02       3.879728033619e+00 
       2.617497906706e-02       3.726109005028e+00 
       2.826199580119e-02       3.548481006323e+00 
       3.051249938375e-02       3.352158711506e+00 
       3.293336996262e-02       3.144354494845e+00 
       3.552331487266e-02       2.933973962901e+00 
       3.826582157228e-02       2.731053090756e+00 
       4.112404724473e-02       2.545237185846e+00 
       4.404493044138e-02       2.383526435622e+00 
       4.697466957067e-02       2.248567776864e+00 
       4.987520971806e-02       2.138746306416e+00 
       5.272987739079e-02       2.049721728759e+00 
       5.553868476799e-02       1.976110341398e+00 
       5.831086443783e-02       1.912771777513e+00 
       6.105929318352e-02       1.855171389966e+00 
       6.379744399755e-02       1.799542560375e+00 
       6.653804689347e-02       1.742904517655e+00 
       6.929265033370e-02       1.683094160278e+00 
       7.207159151451e-02       1.618768779963e+00 
       7.488412589325e-02       1.549403937973e+00 
       7.773860159413e-02       1.475269222481e+00 
       8.064263092727e-02       1.397360306438e+00 
       8.360324183574e-02       1.317278552995e+00 
       8.662700531640e-02       1.237048057171e+00 
       8.972014012085e-02       1.158905641526e+00 
       9.288859777810e-02       1.085057157488e+00 
       9.613813123925e-02       1.017439896643e+00 
       9.947435014200e-02       9.575145916347e-01 
       1.029027652301e-01       9.061077935785e-01 
       1.064288240027e-01       8.633032063239e-01 
       1.100579392682e-01       8.284167217371e-01 
       1.137955119551e-01       8.000013288824e-01 
       1.176469492760e-01       7.759707002377e-01 
       1.216176791504e-01       7.537833414537e-01 
       1.257131616481e-01       7.307742442200e-01 
       1.299388981110e-01       7.046090123229e-01 
       1.343004385401e-01       6.737633740441e-01 
       1.388033877828e-01       6.379243508025e-01 
       1.434534110299e-01       5.981265634755e-01 
       1.482562391095e-01       5.565585408372e-01 
       1.532176740608e-01       5.160287380889e-01 
       1.583435954687e-01       4.792813211011e-01 
       1.636399680441e-01       4.482881860768e-01 
       1.691128509406e-01       4.237669148690e-01 
       1.747684093051e-01       4.049965866281e-01 
       1.806129285724e-01       3.899873677079e-01 
       1.866528320180e-01       3.761636538806e-01 
       1.928947021034e-01       3.607171208464e-01 
       1.993453061587e-01       3.419191053158e-01 
       2.060116269760e-01       3.199352419318e-01 
       2.129008989175e-01       2.966486292256e-01 
       2.200206501922e-01       2.745748863270e-01 
       2.273787520223e-01       2.556973121532e-01 
       2.349834755150e-01       2.408118821386e-01 
       2.428435571828e-01       2.292067378260e-01 
       2.509682742266e-01       2.189139675149e-01 
       2.593675309230e-01       2.078827246704e-01 
       2.680519577530e-01       1.951958028194e-01 
       2.770330252880e-01       1.814319334981e-01 
       2.863231753450e-01       1.682466039174e-01 
       2.959359725497e-01       1.570848549665e-01 
       3.058862802544e-01       1.480299451893e-01 
       3.161904657924e-01       1.400522073256e-01 
       3.268666413804e-01       1.318842709820e-01 
       3.379349486994e-01       1.230784786182e-01 
       3.494178974139e-01       1.143256327987e-01 
       3.613407708034e-01       1.064989834889e-01 
       3.737321155121e-01       9.981074739872e-02 
       3.866243374979e-01       9.360190823010e-02 
       4.000544330338e-01       8.732752513514e-02 
       4.140648927098e-01       8.108288051378e-02 
       4.287048286841e-01       7.533064023516e-02 
       4.440313921574e-01       7.015103909693e-02 
       4.601115708827e-01       6.524355901390e-02 
       4.770244877639e-01       6.040998522861e-02 
       4.948643642554e-01       5.582872241274e-02 
       5.137443700216e-01       5.161613263400e-02 
       5.338016569706e-01       4.758292885421e-02 
       5.552039733995e-01       4.369953076804e-02 
       5.781583676391e-01       4.005155216176e-02 
       6.029225951850e-01       3.657522047313e-02 
       6.298198626618e-01       3.324339537231e-02 
       6.592572812968e-01       3.007939050389e-02 
       6.917474167662e-01       2.704733328438e-02 
       7.279297175260e-01       2.415698059279e-02 
       7.685829637218e-01       2.139673385554e-02 
       8.146102292538e-01       1.877732976409e-02 
       8.669680480455e-01       1.631119304929e-02 
       9.265193831693e-01       1.402322941656e-02 
       9.938458886090e-01       1.194200091110e-02 
       1.069144954181e+00       1.009123063054e-02 
       1.152332760345e+00       8.480007688311e-03 
       1.243295708729e+00       7.100747349126e-03 
       1.342095772805e+00       5.932077886585e-03 
       1.449029203296e+00       4.948011726246e-03 
       1.564586374602e+00       4.122135221248e-03 
       1.689391516011e+00       3.430358477256e-03 
       1.824160856865e+00       2.851792732701e-03 
       1.969683202239e+00       2.368496130782e-03 
       2.126814942975e+00       1.965253686201e-03 
       2.296481943529e+00       1.629182004197e-03 
       2.479684162707e+00       1.349403006833e-03 
       2.677501369259e+00       1.116709039140e-03 
       2.891099475621e+00       9.233886818605e-04 
       3.121737405595e+00       7.629222996559e-04 
       3.370774513870e+00       6.298503695555e-04 
       3.639678597884e+00       5.195945795616e-04 
       3.930034548851e+00       4.283338843472e-04 
       4.243553692939e+00       3.528484181597e-04 
       4.582083877640e+00       2.904639568531e-04 
       4.947620362778e+00       2.389492681768e-04 
       5.342317580354e+00       1.964396439082e-04 
       5.768501832533e+00       1.613931338691e-04 
       6.228685002611e+00       1.325134351667e-04 
       6.725579359783e+00       1.087357380078e-04 
       7.262113544958e+00       8.917086977081e-05 
       7.841449831849e+00       7.308284951954e-05 
       8.467002765069e+00       5.986192338490e-05 
       9.142459285082e+00       4.900446255623e-05 
       9.871800458624e+00       4.009280169681e-05 
       1.065932494268e+01       3.278257990165e-05 
       1.150967432028e+01       2.678956994413e-05 
       1.242786045752e+01       2.187890558676e-05 
       1.341929504291e+01       1.785761848858e-05 
       1.448982148328e+01       1.456583816141e-05 
       1.564574934421e+01       1.187313705389e-05 
       1.689389153788e+01       9.671200194268e-06 
       1.824160447766e+01       7.871653953207e-06 
       1.969683143598e+01       6.401607201582e-06 
       2.126814936113e+01       5.201260109119e-06 
       2.296481942883e+01       4.221643405494e-06 
       2.479684162659e+01       3.422489845593e-06 
       2.677501369256e+01       2.770797339715e-06 
       2.891099475621e+01       2.239601638401e-06 
       3.121737405595e+01       1.806868156475e-06 
       3.370774513870e+01       1.454405632501e-06 
       3.639678597884e+01       1.167490957162e-06 
       3.930034548851e+01       9.340970695770e-07 
       4.243553692939e+01       7.442919070307e-07 
       4.582083877640e+01       5.900757560724e-07 
       4.947620362778e+01       4.648750789085e-07 
       5.342317580354e+01       3.633897351755e-07 
