# Matter power spectrum P(k) at redshift z=99
# for k=1.04206e-05 to 53.4232 h/Mpc,
# number of wavenumbers equal to 243
#    1:k (h/Mpc)              2:P (Mpc/h)^3        
       1.042057218184e-05       7.036260929412e-03 
       1.125187501919e-05       7.577807674685e-03 
       1.214949517534e-05       8.161033620367e-03 
       1.311872312515e-05       8.789148142149e-03 
       1.416527139199e-05       9.465605314446e-03 
       1.529530821670e-05       1.019412588022e-02 
       1.651549391254e-05       1.097871819660e-02 
       1.783302012034e-05       1.182369464608e-02 
       1.925565219523e-05       1.273370416834e-02 
       2.079177497483e-05       1.371375238049e-02 
       2.245044219853e-05       1.476922835651e-02 
       2.424142986925e-05       1.590593818750e-02 
       2.617529387212e-05       1.713013403726e-02 
       2.826343218975e-05       1.844854685101e-02 
       3.051815208062e-05       1.986842969040e-02 
       3.295274261680e-05       2.139759139788e-02 
       3.558155300819e-05       2.304444014597e-02 
       3.842007717529e-05       2.481803397812e-02 
       4.148504506860e-05       2.672812600751e-02 
       4.479452127312e-05       2.878522064375e-02 
       4.836801147907e-05       3.100063001239e-02 
       5.222657744628e-05       3.338653470847e-02 
       5.639296113988e-05       3.595605557656e-02 
       6.089171876895e-05       3.872331949878e-02 
       6.574936551816e-05       4.170354103629e-02 
       7.099453182532e-05       4.491310311044e-02 
       7.665813212606e-05       4.836964963010e-02 
       8.277354706016e-05       5.209217843662e-02 
       8.937682021332e-05       5.610114901092e-02 
       9.650687055417e-05       6.041858990857e-02 
       1.042057218184e-04       6.506822426535e-02 
       1.125187501919e-04       7.007559021781e-02 
       1.214949517534e-04       7.546819264288e-02 
       1.311872312515e-04       8.127563721461e-02 
       1.416527139199e-04       8.752980291626e-02 
       1.529530821670e-04       9.426500750798e-02 
       1.651549391254e-04       1.015181935261e-01 
       1.783302012034e-04       1.093291280192e-01 
       1.925565219523e-04       1.177406113770e-01 
       2.079177497483e-04       1.267987049437e-01 
       2.245044219853e-04       1.365529774710e-01 
       2.424142986925e-04       1.470567586983e-01 
       2.617529387212e-04       1.583674216515e-01 
       2.826343218975e-04       1.705466741311e-01 
       3.051815208062e-04       1.836608704947e-01 
       3.295274261680e-04       1.977813491794e-01 
       3.558155300819e-04       2.129847782550e-01 
       3.842007717529e-04       2.293535305426e-01 
       4.148504506860e-04       2.469760655676e-01 
       4.479452127312e-04       2.659473415023e-01 
       4.836801147907e-04       2.863692323900e-01 
       5.222657744628e-04       3.083509591931e-01 
       5.639296113988e-04       3.320095401213e-01 
       6.089171876895e-04       3.574702177472e-01 
       6.574936551816e-04       3.848669203741e-01 
       7.099453182532e-04       4.143426641708e-01 
       7.665813212606e-04       4.460499662631e-01 
       8.277354706016e-04       4.801511870535e-01 
       8.937682021332e-04       5.168188240260e-01 
       9.650687055417e-04       5.562356987900e-01 
       1.042057218184e-03       5.985950254488e-01 
       1.125187501919e-03       6.441003044474e-01 
       1.214949517534e-03       6.929649990757e-01 
       1.311872312515e-03       7.454119173500e-01 
       1.416527139199e-03       8.016805663163e-01 
       1.529530821670e-03       8.620070327584e-01 
       1.651549391254e-03       9.266333534580e-01 
       1.783302012034e-03       9.958058761181e-01 
       1.925565219523e-03       1.069769906536e+00 
       2.079177497483e-03       1.148765179430e+00 
       2.245044219853e-03       1.233020202432e+00 
       2.424142986925e-03       1.322745166207e+00 
       2.617529387212e-03       1.418123334331e+00 
       2.826343218975e-03       1.519300754202e+00 
       3.051815208062e-03       1.626374120677e+00 
       3.295274261680e-03       1.739376799201e+00 
       3.558155300819e-03       1.858263554011e+00 
       3.842007717529e-03       1.982892997552e+00 
       4.148504506860e-03       2.113010517692e+00 
       4.479452127312e-03       2.248230592443e+00 
       4.836801147907e-03       2.388020500084e+00 
       5.222657744628e-03       2.531687171641e+00 
       5.639296113988e-03       2.678368376108e+00 
       6.089171876895e-03       2.827032366830e+00 
       6.574936551816e-03       2.976481704052e+00 
       7.099453182532e-03       3.125365319210e+00 
       7.665813212606e-03       3.272196174987e+00 
       8.277354706016e-03       3.415370826136e+00 
       8.937682021332e-03       3.553180999311e+00 
       9.650687055417e-03       3.683816999558e+00 
       1.042057218184e-02       3.805351029305e+00 
       1.125187501919e-02       3.915703856978e+00 
       1.214949517534e-02       4.012614576952e+00 
       1.311872312515e-02       4.093620159302e+00 
       1.416527139199e-02       4.156089568660e+00 
       1.529530821666e-02       4.197320573949e+00 
       1.651549391176e-02       4.214691681505e+00 
       1.783302010906e-02       4.205838175590e+00 
       1.925565206518e-02       4.168827945332e+00 
       2.079177376287e-02       4.102321802610e+00 
       2.245043293693e-02       4.005777411077e+00 
       2.424137103356e-02       3.879731330767e+00 
       2.617497906706e-02       3.726100715222e+00 
       2.826199580119e-02       3.548478105446e+00 
       3.051249938375e-02       3.352160279788e+00 
       3.293336996262e-02       3.144354502125e+00 
       3.552331487266e-02       2.933975106287e+00 
       3.826582157228e-02       2.731053140072e+00 
       4.112404724473e-02       2.545235901451e+00 
       4.404493044138e-02       2.383525678311e+00 
       4.697466957067e-02       2.248565845107e+00 
       4.987520971806e-02       2.138753702626e+00 
       5.272987739079e-02       2.049721708869e+00 
       5.553868476799e-02       1.976109496092e+00 
       5.831086443783e-02       1.912768268324e+00 
       6.105929318352e-02       1.855171685646e+00 
       6.379744399755e-02       1.799542478766e+00 
       6.653804689347e-02       1.742905449703e+00 
       6.929265033370e-02       1.683096127596e+00 
       7.207159151451e-02       1.618769387158e+00 
       7.488412589325e-02       1.549404626723e+00 
       7.773860159413e-02       1.475269371515e+00 
       8.064263092727e-02       1.397361114183e+00 
       8.360324183574e-02       1.317279282632e+00 
       8.662700531640e-02       1.237048065885e+00 
       8.972014012085e-02       1.158905125219e+00 
       9.288859777810e-02       1.085057012585e+00 
       9.613813123925e-02       1.017440084251e+00 
       9.947435014200e-02       9.575158254106e-01 
       1.029027652301e-01       9.061078283955e-01 
       1.064288240027e-01       8.633033436960e-01 
       1.100579392682e-01       8.284149326807e-01 
       1.137955119551e-01       8.000012882759e-01 
       1.176469492760e-01       7.759702354050e-01 
       1.216176791504e-01       7.537833292785e-01 
       1.257131616481e-01       7.307744611362e-01 
       1.299388981110e-01       7.046082953601e-01 
       1.343004385401e-01       6.737620925566e-01 
       1.388033877828e-01       6.379215672592e-01 
       1.434534110299e-01       5.981247924188e-01 
       1.482562391095e-01       5.565575963314e-01 
       1.532176740608e-01       5.160286643976e-01 
       1.583435954687e-01       4.792814846491e-01 
       1.636399680441e-01       4.482882847837e-01 
       1.691128509406e-01       4.237669936110e-01 
       1.747684093051e-01       4.049968992070e-01 
       1.806129285724e-01       3.899888339658e-01 
       1.866528320180e-01       3.761602198036e-01 
       1.928947021034e-01       3.607121829496e-01 
       1.993453061587e-01       3.419141530255e-01 
       2.060116269760e-01       3.199321111954e-01 
       2.129008989175e-01       2.966488663913e-01 
       2.200206501922e-01       2.745754019900e-01 
       2.273787520223e-01       2.556974030458e-01 
       2.349834755150e-01       2.408119563559e-01 
       2.428435571828e-01       2.292068957650e-01 
       2.509682742266e-01       2.189115060696e-01 
       2.593675309230e-01       2.078803221420e-01 
       2.680519577530e-01       1.951952034408e-01 
       2.770330252880e-01       1.814327075514e-01 
       2.863231753450e-01       1.682468594419e-01 
       2.959359725497e-01       1.570848619851e-01 
       3.058862802544e-01       1.480300946044e-01 
       3.161904657924e-01       1.400525837751e-01 
       3.268666413804e-01       1.318844956396e-01 
       3.379349486994e-01       1.230788907678e-01 
       3.494178974139e-01       1.143258022421e-01 
       3.613407708034e-01       1.064991729622e-01 
       3.737321155121e-01       9.981088747480e-02 
       3.866243374979e-01       9.360217180519e-02 
       4.000544330338e-01       8.732777137534e-02 
       4.140648927098e-01       8.108302794231e-02 
       4.287048286841e-01       7.533075613090e-02 
       4.440313921574e-01       7.015117172414e-02 
       4.601115708827e-01       6.524374643427e-02 
       4.770244877639e-01       6.041013355824e-02 
       4.948643642554e-01       5.582888473719e-02 
       5.137443700216e-01       5.161627967947e-02 
       5.338016569706e-01       4.758306981938e-02 
       5.552039733995e-01       4.369964804982e-02 
       5.781583676391e-01       4.005168016859e-02 
       6.029225951850e-01       3.657535702517e-02 
       6.298198626618e-01       3.324352424162e-02 
       6.592572812968e-01       3.007950700172e-02 
       6.917474167662e-01       2.704746089236e-02 
       7.279297175260e-01       2.415710158817e-02 
       7.685829637218e-01       2.139686319701e-02 
       8.146102292538e-01       1.877745373866e-02 
       8.669680480455e-01       1.631131868093e-02 
       9.265193831693e-01       1.402334698766e-02 
       9.938458886090e-01       1.194213082883e-02 
       1.069144954181e+00       1.009135993827e-02 
       1.152332760345e+00       8.480139526290e-03 
       1.243295708729e+00       7.100877987031e-03 
       1.342095772805e+00       5.932209841911e-03 
       1.449029203296e+00       4.948143443270e-03 
       1.564586374602e+00       4.122269247716e-03 
       1.689391516011e+00       3.430490123769e-03 
       1.824160856865e+00       2.851924548153e-03 
       1.969683202239e+00       2.368627964062e-03 
       2.126814942975e+00       1.965388171388e-03 
       2.296481943529e+00       1.629312141370e-03 
       2.479684162707e+00       1.349533351114e-03 
       2.677501369259e+00       1.116839787414e-03 
       2.891099475621e+00       9.235153067212e-04 
       3.121737405595e+00       7.630456606962e-04 
       3.370774513870e+00       6.299736186486e-04 
       3.639678597884e+00       5.197218006243e-04 
       3.930034548851e+00       4.284550110947e-04 
       4.243553692939e+00       3.529657988223e-04 
       4.582083877640e+00       2.905847782767e-04 
       4.947620362778e+00       2.390690314602e-04 
       5.342317580354e+00       1.965607748697e-04 
       5.768501832533e+00       1.615085700335e-04 
       6.228685002611e+00       1.326280307783e-04 
       6.725579359783e+00       1.088478715352e-04 
       7.262113544958e+00       8.928123862024e-05 
       7.841449831849e+00       7.319097530560e-05 
       8.467002765069e+00       5.996831225999e-05 
       9.142459285082e+00       4.910884007769e-05 
       9.871800458624e+00       4.019577999958e-05 
       1.065932494268e+01       3.288354235761e-05 
       1.150967432028e+01       2.688795719733e-05 
       1.242786045752e+01       2.197649053197e-05 
       1.341929504291e+01       1.795328363578e-05 
       1.448982148328e+01       1.466009307027e-05 
       1.564574934421e+01       1.196573682417e-05 
       1.689389153788e+01       9.762310157948e-06 
       1.824160447766e+01       7.961432383195e-06 
       1.969683143598e+01       6.490060127039e-06 
       2.126814936113e+01       5.288402659395e-06 
       2.296481942883e+01       4.307576526494e-06 
       2.479684162659e+01       3.507299135530e-06 
       2.677501369256e+01       2.854604330189e-06 
       2.891099475621e+01       2.322481376475e-06 
       3.121737405595e+01       1.888839546361e-06 
       3.370774513870e+01       1.535596289143e-06 
       3.639678597884e+01       1.247921374347e-06 
       3.930034548851e+01       1.013761062331e-06 
       4.243553692939e+01       8.232295067258e-07 
       4.582083877640e+01       6.682487481660e-07 
       4.947620362778e+01       5.422188094630e-07 
       5.342317580354e+01       4.397832707274e-07 
