# Matter power spectrum P(k) at redshift z=99
# for k=1.04206e-05 to 53.4232 h/Mpc,
# number of wavenumbers equal to 243
#    1:k (h/Mpc)              2:P (Mpc/h)^3        
       1.042057218184e-05       7.036260929412e-03 
       1.125187501919e-05       7.577807674686e-03 
       1.214949517534e-05       8.161033620367e-03 
       1.311872312515e-05       8.789148142150e-03 
       1.416527139199e-05       9.465605314446e-03 
       1.529530821670e-05       1.019412588022e-02 
       1.651549391254e-05       1.097871819660e-02 
       1.783302012034e-05       1.182369464608e-02 
       1.925565219523e-05       1.273370416834e-02 
       2.079177497483e-05       1.371375238049e-02 
       2.245044219853e-05       1.476922835651e-02 
       2.424142986925e-05       1.590593818750e-02 
       2.617529387212e-05       1.713013403727e-02 
       2.826343218975e-05       1.844854685101e-02 
       3.051815208062e-05       1.986842969040e-02 
       3.295274261680e-05       2.139759139788e-02 
       3.558155300819e-05       2.304444014597e-02 
       3.842007717529e-05       2.481803397812e-02 
       4.148504506860e-05       2.672812600751e-02 
       4.479452127312e-05       2.878522064375e-02 
       4.836801147907e-05       3.100063001240e-02 
       5.222657744628e-05       3.338653470847e-02 
       5.639296113988e-05       3.595605557656e-02 
       6.089171876895e-05       3.872331949878e-02 
       6.574936551816e-05       4.170354103629e-02 
       7.099453182532e-05       4.491310311044e-02 
       7.665813212606e-05       4.836964963011e-02 
       8.277354706016e-05       5.209217843663e-02 
       8.937682021332e-05       5.610114901092e-02 
       9.650687055417e-05       6.041858990857e-02 
       1.042057218184e-04       6.506822426535e-02 
       1.125187501919e-04       7.007559021782e-02 
       1.214949517534e-04       7.546819264289e-02 
       1.311872312515e-04       8.127563721461e-02 
       1.416527139199e-04       8.752980291626e-02 
       1.529530821670e-04       9.426500750799e-02 
       1.651549391254e-04       1.015181935261e-01 
       1.783302012034e-04       1.093291280192e-01 
       1.925565219523e-04       1.177406113770e-01 
       2.079177497483e-04       1.267987049437e-01 
       2.245044219853e-04       1.365529774710e-01 
       2.424142986925e-04       1.470567586983e-01 
       2.617529387212e-04       1.583674216515e-01 
       2.826343218975e-04       1.705466741312e-01 
       3.051815208062e-04       1.836608704947e-01 
       3.295274261680e-04       1.977813491794e-01 
       3.558155300819e-04       2.129847782550e-01 
       3.842007717529e-04       2.293535305426e-01 
       4.148504506860e-04       2.469760655677e-01 
       4.479452127312e-04       2.659473415023e-01 
       4.836801147907e-04       2.863692323900e-01 
       5.222657744628e-04       3.083509591931e-01 
       5.639296113988e-04       3.320095401213e-01 
       6.089171876895e-04       3.574702177473e-01 
       6.574936551816e-04       3.848669203741e-01 
       7.099453182532e-04       4.143426641708e-01 
       7.665813212606e-04       4.460499662631e-01 
       8.277354706016e-04       4.801511870535e-01 
       8.937682021332e-04       5.168188240261e-01 
       9.650687055417e-04       5.562356987901e-01 
       1.042057218184e-03       5.985950254489e-01 
       1.125187501919e-03       6.441003044474e-01 
       1.214949517534e-03       6.929649990757e-01 
       1.311872312515e-03       7.454119173502e-01 
       1.416527139199e-03       8.016805663144e-01 
       1.529530821670e-03       8.620070327584e-01 
       1.651549391254e-03       9.266333534580e-01 
       1.783302012034e-03       9.958058761181e-01 
       1.925565219523e-03       1.069769906536e+00 
       2.079177497483e-03       1.148765179436e+00 
       2.245044219853e-03       1.233020201374e+00 
       2.424142986925e-03       1.322745166207e+00 
       2.617529387212e-03       1.418123334401e+00 
       2.826343218975e-03       1.519300754201e+00 
       3.051815208062e-03       1.626374120676e+00 
       3.295274261680e-03       1.739376799165e+00 
       3.558155300819e-03       1.858263553995e+00 
       3.842007717529e-03       1.982892997551e+00 
       4.148504506860e-03       2.113010517690e+00 
       4.479452127312e-03       2.248230592440e+00 
       4.836801147907e-03       2.388020500082e+00 
       5.222657744628e-03       2.531687171637e+00 
       5.639296113988e-03       2.678368375954e+00 
       6.089171876895e-03       2.827032329203e+00 
       6.574936551816e-03       2.976481704045e+00 
       7.099453182532e-03       3.125365318935e+00 
       7.665813212606e-03       3.272196174976e+00 
       8.277354706016e-03       3.415370481548e+00 
       8.937682021332e-03       3.553180999296e+00 
       9.650687055417e-03       3.683816999538e+00 
       1.042057218184e-02       3.805351171853e+00 
       1.125187501919e-02       3.915703856950e+00 
       1.214949517534e-02       4.012614576912e+00 
       1.311872312515e-02       4.093620159258e+00 
       1.416527139199e-02       4.156090452283e+00 
       1.529530821666e-02       4.197320573883e+00 
       1.651549391176e-02       4.214691681425e+00 
       1.783302010906e-02       4.205838175495e+00 
       1.925565206518e-02       4.168830337562e+00 
       2.079177376287e-02       4.102321802474e+00 
       2.245043293693e-02       4.005780033531e+00 
       2.424137103356e-02       3.879731735749e+00 
       2.617497906706e-02       3.726109009157e+00 
       2.826199580119e-02       3.548473107468e+00 
       3.051249938375e-02       3.352158717030e+00 
       3.293336996262e-02       3.144354486025e+00 
       3.552331487266e-02       2.933975105249e+00 
       3.826582157228e-02       2.731057714044e+00 
       4.112404724473e-02       2.545237194993e+00 
       4.404493044138e-02       2.383526445864e+00 
       4.697466957067e-02       2.248567798580e+00 
       4.987520971806e-02       2.138745969527e+00 
       5.272987739079e-02       2.049721742067e+00 
       5.553868476799e-02       1.976110944341e+00 
       5.831086443783e-02       1.912771796114e+00 
       6.105929318352e-02       1.855172657365e+00 
       6.379744399755e-02       1.799543272651e+00 
       6.653804689347e-02       1.742904878127e+00 
       6.929265033370e-02       1.683095511223e+00 
       7.207159151451e-02       1.618769528347e+00 
       7.488412589325e-02       1.549404674360e+00 
       7.773860159413e-02       1.475270090854e+00 
       8.064263092727e-02       1.397360348391e+00 
       8.360324183574e-02       1.317278553743e+00 
       8.662700531640e-02       1.237048085532e+00 
       8.972014012085e-02       1.158905123133e+00 
       9.288859777810e-02       1.085057012587e+00 
       9.613813123925e-02       1.017439174599e+00 
       9.947435014200e-02       9.575158438338e-01 
       1.029027652301e-01       9.061077982466e-01 
       1.064288240027e-01       8.633041752611e-01 
       1.100579392682e-01       8.284149548199e-01 
       1.137955119551e-01       8.000011172065e-01 
       1.176469492760e-01       7.759700577271e-01 
       1.216176791504e-01       7.537818914880e-01 
       1.257131616481e-01       7.307749620781e-01 
       1.299388981110e-01       7.046080375468e-01 
       1.343004385401e-01       6.737619313336e-01 
       1.388033877828e-01       6.379223792817e-01 
       1.434534110299e-01       5.981245130110e-01 
       1.482562391095e-01       5.565572048550e-01 
       1.532176740608e-01       5.160288293811e-01 
       1.583435954687e-01       4.792813670539e-01 
       1.636399680441e-01       4.482885823635e-01 
       1.691128509406e-01       4.237669793229e-01 
       1.747684093051e-01       4.049966431083e-01 
       1.806129285724e-01       3.899879448637e-01 
       1.866528320180e-01       3.761604582618e-01 
       1.928947021034e-01       3.607122349394e-01 
       1.993453061587e-01       3.419146993337e-01 
       2.060116269760e-01       3.199318284000e-01 
       2.129008989175e-01       2.966496212550e-01 
       2.200206501922e-01       2.745752518051e-01 
       2.273787520223e-01       2.556972546331e-01 
       2.349834755150e-01       2.408119525707e-01 
       2.428435571828e-01       2.292066887263e-01 
       2.509682742266e-01       2.189116976348e-01 
       2.593675309230e-01       2.078824118552e-01 
       2.680519577530e-01       1.951959974111e-01 
       2.770330252880e-01       1.814323622641e-01 
       2.863231753450e-01       1.682469540777e-01 
       2.959359725497e-01       1.570848072802e-01 
       3.058862802544e-01       1.480300619127e-01 
       3.161904657924e-01       1.400522584393e-01 
       3.268666413804e-01       1.318847622134e-01 
       3.379349486994e-01       1.230787860571e-01 
       3.494178974139e-01       1.143258606150e-01 
       3.613407708034e-01       1.064990741555e-01 
       3.737321155121e-01       9.981087960246e-02 
       3.866243374979e-01       9.360214986643e-02 
       4.000544330338e-01       8.732769455664e-02 
       4.140648927098e-01       8.108297922162e-02 
       4.287048286841e-01       7.533073429715e-02 
       4.440313921574e-01       7.015111617980e-02 
       4.601115708827e-01       6.524368355783e-02 
       4.770244877639e-01       6.041006382541e-02 
       4.948643642554e-01       5.582883829587e-02 
       5.137443700216e-01       5.161623739514e-02 
       5.338016569706e-01       4.758303280554e-02 
       5.552039733995e-01       4.369962276163e-02 
       5.781583676391e-01       4.005166014578e-02 
       6.029225951850e-01       3.657534130015e-02 
       6.298198626618e-01       3.324350604076e-02 
       6.592572812968e-01       3.007950421028e-02 
       6.917474167662e-01       2.704744891010e-02 
       7.279297175260e-01       2.415709451724e-02 
       7.685829637218e-01       2.139685209634e-02 
       8.146102292538e-01       1.877744731017e-02 
       8.669680480455e-01       1.631131258144e-02 
       9.265193831693e-01       1.402334766657e-02 
       9.938458886090e-01       1.194212304246e-02 
       1.069144954181e+00       1.009135291171e-02 
       1.152332760345e+00       8.480133165834e-03 
       1.243295708729e+00       7.100871483668e-03 
       1.342095772805e+00       5.932203822744e-03 
       1.449029203296e+00       4.948139957936e-03 
       1.564586374602e+00       4.122261392265e-03 
       1.689391516011e+00       3.430483492962e-03 
       1.824160856865e+00       2.851917855011e-03 
       1.969683202239e+00       2.368621355224e-03 
       2.126814942975e+00       1.965381597888e-03 
       2.296481943529e+00       1.629304344568e-03 
       2.479684162707e+00       1.349526621418e-03 
       2.677501369259e+00       1.116832162670e-03 
       2.891099475621e+00       9.235092488643e-04 
       3.121737405595e+00       7.630397399313e-04 
       3.370774513870e+00       6.299672870512e-04 
       3.639678597884e+00       5.197157380974e-04 
       3.930034548851e+00       4.284486692391e-04 
       4.243553692939e+00       3.529595471718e-04 
       4.582083877640e+00       2.905786610414e-04 
       4.947620362778e+00       2.390633181043e-04 
       5.342317580354e+00       1.965549779168e-04 
       5.768501832533e+00       1.615029346704e-04 
       6.228685002611e+00       1.326224138074e-04 
       6.725579359783e+00       1.088423767945e-04 
       7.262113544958e+00       8.927585808926e-05 
       7.841449831849e+00       7.318571061900e-05 
       8.467002765069e+00       5.996318585194e-05 
       9.142459285082e+00       4.910380992514e-05 
       9.871800458624e+00       4.019060836342e-05 
       1.065932494268e+01       3.287873743222e-05 
       1.150967432028e+01       2.688401306303e-05 
       1.242786045752e+01       2.197174375956e-05 
       1.341929504291e+01       1.794877370285e-05 
       1.448982148328e+01       1.465574456244e-05 
       1.564574934421e+01       1.196153427823e-05 
       1.689389153788e+01       9.758230227102e-06 
       1.824160447766e+01       7.957440775912e-06 
       1.969683143598e+01       6.486128797998e-06 
       2.126814936113e+01       5.284662297442e-06 
       2.296481942883e+01       4.303926983042e-06 
       2.479684162659e+01       3.503838808560e-06 
       2.677501369256e+01       2.851239653248e-06 
       2.891099475621e+01       2.319197567339e-06 
       3.121737405595e+01       1.885653380555e-06 
       3.370774513870e+01       1.532503499128e-06 
       3.639678597884e+01       1.244961887336e-06 
       3.930034548851e+01       1.010907089147e-06 
       4.243553692939e+01       8.204786225173e-07 
       4.582083877640e+01       6.656010219618e-07 
       4.947620362778e+01       5.396699758877e-07 
       5.342317580354e+01       4.373364365289e-07 
