# Matter power spectrum P(k) at redshift z=99
# for k=1.04206e-05 to 53.4232 h/Mpc,
# number of wavenumbers equal to 243
#    1:k (h/Mpc)              2:P (Mpc/h)^3        
       1.042057218184e-05       7.036261234519e-03 
       1.125187501919e-05       7.577808002934e-03 
       1.214949517534e-05       8.161033973968e-03 
       1.311872312515e-05       8.789148523195e-03 
       1.416527139199e-05       9.465605724045e-03 
       1.529530821670e-05       1.019412632169e-02 
       1.651549391254e-05       1.097871867183e-02 
       1.783302012034e-05       1.182369515768e-02 
       1.925565219523e-05       1.273370471915e-02 
       2.079177497483e-05       1.371375298312e-02 
       2.245044219853e-05       1.476922899524e-02 
       2.424142986925e-05       1.590593887499e-02 
       2.617529387212e-05       1.713013477716e-02 
       2.826343218975e-05       1.844854764916e-02 
       3.051815208062e-05       1.986843055002e-02 
       3.295274261680e-05       2.139759232991e-02 
       3.558155300819e-05       2.304444115307e-02 
       3.842007717529e-05       2.481803505817e-02 
       4.148504506860e-05       2.672812715303e-02 
       4.479452127312e-05       2.878522188427e-02 
       4.836801147907e-05       3.100063133636e-02 
       5.222657744628e-05       3.338653613806e-02 
       5.639296113988e-05       3.595605714468e-02 
       6.089171876895e-05       3.872332115193e-02 
       6.574936551816e-05       4.170354284549e-02 
       7.099453182532e-05       4.491310511611e-02 
       7.665813212606e-05       4.836965172385e-02 
       8.277354706016e-05       5.209218070780e-02 
       8.937682021332e-05       5.610115145901e-02 
       9.650687055417e-05       6.041859251437e-02 
       1.042057218184e-04       6.506822707437e-02 
       1.125187501919e-04       7.007559328638e-02 
       1.214949517534e-04       7.546819580625e-02 
       1.311872312515e-04       8.127564070585e-02 
       1.416527139199e-04       8.752980668713e-02 
       1.529530821670e-04       9.426501155980e-02 
       1.651549391254e-04       1.015181978933e-01 
       1.783302012034e-04       1.093291327210e-01 
       1.925565219523e-04       1.177406164076e-01 
       2.079177497483e-04       1.267987103869e-01 
       2.245044219853e-04       1.365529833017e-01 
       2.424142986925e-04       1.470567649682e-01 
       2.617529387212e-04       1.583674284284e-01 
       2.826343218975e-04       1.705466813705e-01 
       3.051815208062e-04       1.836608782415e-01 
       3.295274261680e-04       1.977813575101e-01 
       3.558155300819e-04       2.129847871813e-01 
       3.842007717529e-04       2.293535401024e-01 
       4.148504506860e-04       2.469760757911e-01 
       4.479452127312e-04       2.659473524303e-01 
       4.836801147907e-04       2.863692440463e-01 
       5.222657744628e-04       3.083509716208e-01 
       5.639296113988e-04       3.320095533307e-01 
       6.089171876895e-04       3.574702317592e-01 
       6.574936551816e-04       3.848669351962e-01 
       7.099453182532e-04       4.143426797914e-01 
       7.665813212606e-04       4.460499826578e-01 
       8.277354706016e-04       4.801512041665e-01 
       8.937682021332e-04       5.168188417676e-01 
       9.650687055417e-04       5.562357170370e-01 
       1.042057218184e-03       5.985950440066e-01 
       1.125187501919e-03       6.441003230420e-01 
       1.214949517534e-03       6.929650173390e-01 
       1.311872312515e-03       7.454119347795e-01 
       1.416527139199e-03       8.016805825821e-01 
       1.529530821670e-03       8.620070467343e-01 
       1.651549391254e-03       9.266333634647e-01 
       1.783302012034e-03       9.958058799715e-01 
       1.925565219523e-03       1.069769901302e+00 
       2.079177497483e-03       1.148765161267e+00 
       2.245044219853e-03       1.233020166194e+00 
       2.424142986925e-03       1.322745105032e+00 
       2.617529387212e-03       1.418123239115e+00 
       2.826343218975e-03       1.519300618174e+00 
       3.051815208062e-03       1.626373923843e+00 
       3.295274261680e-03       1.739376530344e+00 
       3.558155300819e-03       1.858263164250e+00 
       3.842007717529e-03       1.982892470369e+00 
       4.148504506860e-03       2.113009889715e+00 
       4.479452127312e-03       2.248229631778e+00 
       4.836801147907e-03       2.388019132381e+00 
       5.222657744628e-03       2.531685452207e+00 
       5.639296113988e-03       2.678365765906e+00 
       6.089171876895e-03       2.827029186155e+00 
       6.574936551816e-03       2.976477390928e+00 
       7.099453182532e-03       3.125359047868e+00 
       7.665813212606e-03       3.272187868622e+00 
       8.277354706016e-03       3.415358868804e+00 
       8.937682021332e-03       3.553165153752e+00 
       9.650687055417e-03       3.683795703736e+00 
       1.042057218184e-02       3.805322711654e+00 
       1.125187501919e-02       3.915667195948e+00 
       1.214949517534e-02       4.012565317399e+00 
       1.311872312515e-02       4.093555495191e+00 
       1.416527139199e-02       4.156004987838e+00 
       1.529530821666e-02       4.197211222526e+00 
       1.651549391176e-02       4.214546006120e+00 
       1.783302010906e-02       4.205654542694e+00 
       1.925565206518e-02       4.168595104423e+00 
       2.079177376287e-02       4.102022639347e+00 
       2.245043293693e-02       4.005401947055e+00 
       2.424137103356e-02       3.879256907120e+00 
       2.617497906706e-02       3.725518542578e+00 
       2.826199580119e-02       3.547750555535e+00 
       3.051249938375e-02       3.351271272597e+00 
       3.293336996262e-02       3.143266272596e+00 
       3.552331487266e-02       2.932679613257e+00 
       3.826582157228e-02       2.729534985439e+00 
       4.112404724473e-02       2.543463509903e+00 
       4.404493044138e-02       2.381481551039e+00 
       4.697466957067e-02       2.246262724001e+00 
       4.987520971806e-02       2.136179806909e+00 
       5.272987739079e-02       2.046894129404e+00 
       5.553868476799e-02       1.973036023904e+00 
       5.831086443783e-02       1.909456788401e+00 
       6.105929318352e-02       1.851633384733e+00 
       6.379744399755e-02       1.795798941400e+00 
       6.653804689347e-02       1.738971160480e+00 
       6.929265033370e-02       1.678986285285e+00 
       7.207159151451e-02       1.614505292661e+00 
       7.488412589325e-02       1.544999806139e+00 
       7.773860159413e-02       1.470742088175e+00 
       8.064263092727e-02       1.392722513728e+00 
       8.360324183574e-02       1.312540536757e+00 
       8.662700531640e-02       1.232215987188e+00 
       8.972014012085e-02       1.153980657570e+00 
       9.288859777810e-02       1.080035790712e+00 
       9.613813123925e-02       1.012316918908e+00 
       9.947435014200e-02       9.522684276713e-01 
       1.029027652301e-01       9.007267711437e-01 
       1.064288240027e-01       8.577691149003e-01 
       1.100579392682e-01       8.227118622769e-01 
       1.137955119551e-01       7.941133055702e-01 
       1.176469492760e-01       7.698949253220e-01 
       1.216176791504e-01       7.475243297878e-01 
       1.257131616481e-01       7.243510691710e-01 
       1.299388981110e-01       6.980479298957e-01 
       1.343004385401e-01       6.671010198255e-01 
       1.388033877828e-01       6.311978221698e-01 
       1.434534110299e-01       5.913717264044e-01 
       1.482562391095e-01       5.497960381448e-01 
       1.532176740608e-01       5.092628161337e-01 
       1.583435954687e-01       4.724966538168e-01 
       1.636399680441e-01       4.414539865070e-01 
       1.691128509406e-01       4.168449885552e-01 
       1.747684093051e-01       3.979526370499e-01 
       1.806129285724e-01       3.828031429867e-01 
       1.866528320180e-01       3.688416100805e-01 
       1.928947021034e-01       3.532931968773e-01 
       1.993453061587e-01       3.344487808864e-01 
       2.060116269760e-01       3.124721165562e-01 
       2.129008989175e-01       2.892257342388e-01 
       2.200206501922e-01       2.671900291947e-01 
       2.273787520223e-01       2.483202469687e-01 
       2.349834755150e-01       2.334003083296e-01 
       2.428435571828e-01       2.217253378137e-01 
       2.509682742266e-01       2.113577568120e-01 
       2.593675309230e-01       2.002866940305e-01 
       2.680519577530e-01       1.876115010662e-01 
       2.770330252880e-01       1.738990510095e-01 
       2.863231753450e-01       1.607691237333e-01 
       2.959359725497e-01       1.496325888547e-01 
       3.058862802544e-01       1.405724079265e-01 
       3.161904657924e-01       1.325792813166e-01 
       3.268666413804e-01       1.244208452366e-01 
       3.379349486994e-01       1.156634887397e-01 
       3.494178974139e-01       1.069757453300e-01 
       3.613407708034e-01       9.920185458274e-02 
       3.737321155121e-01       9.254535652392e-02 
       3.866243374979e-01       8.636971595095e-02 
       4.000544330338e-01       8.015118340345e-02 
       4.140648927098e-01       7.398050544756e-02 
       4.287048286841e-01       6.829939994395e-02 
       4.440313921574e-01       6.318283988829e-02 
       4.601115708827e-01       5.834464294556e-02 
       4.770244877639e-01       5.359668985267e-02 
       4.948643642554e-01       4.910640414165e-02 
       5.137443700216e-01       4.498245590846e-02 
       5.338016569706e-01       4.104709787458e-02 
       5.552039733995e-01       3.727254685409e-02 
       5.781583676391e-01       3.373733467308e-02 
       6.029225951850e-01       3.038285614621e-02 
       6.298198626618e-01       2.718420439387e-02 
       6.592572812968e-01       2.416266069854e-02 
       6.917474167662e-01       2.128665352850e-02 
       7.279297175260e-01       1.856621394964e-02 
       7.685829637218e-01       1.599297963310e-02 
       8.146102292538e-01       1.357928606877e-02 
       8.669680480455e-01       1.133908062421e-02 
       9.265193831693e-01       9.297449364684e-03 
       9.938458886090e-01       7.481136703597e-03 
       1.069144954181e+00       5.909976251978e-03 
       1.152332760345e+00       4.587971063658e-03 
       1.243295708729e+00       3.502316221096e-03 
       1.342095772805e+00       2.627674114682e-03 
       1.449029203296e+00       1.934563980557e-03 
       1.564586374602e+00       1.393905459427e-03 
       1.689391516011e+00       9.792377729593e-04 
       1.824160856865e+00       6.673708091135e-04 
       1.969683202239e+00       4.382096377209e-04 
       2.126814942975e+00       2.746438480799e-04 
       2.296481943529e+00       1.620164504837e-04 
       2.479684162707e+00       8.800943355949e-05 
       2.677501369259e+00       4.237667189923e-05 
       2.891099475621e+00       1.673978771353e-05 
       3.121737405595e+00       4.418410903767e-06 
       3.370774513870e+00       2.647852010787e-07 
       3.639678597884e+00       4.904407963581e-07 
       3.930034548851e+00       2.480934511944e-06 
       4.243553692939e+00       4.603845567126e-06 
       4.582083877640e+00       6.016677763052e-06 
       4.947620362778e+00       6.434648106999e-06 
       5.342317580354e+00       5.962290417516e-06 
       5.768501832533e+00       4.894539295150e-06 
       6.228685002611e+00       3.580189502943e-06 
       6.725579359783e+00       2.318116845830e-06 
       7.262113544958e+00       1.301781140404e-06 
       7.841449831849e+00       6.063391273637e-07 
       8.467002765069e+00       2.116240275917e-07 
       9.142459285082e+00       4.057043072343e-08 
       9.871800458624e+00       1.138898074881e-10 
       1.065932494268e+01       1.255716268962e-08 
       1.150967432028e+01       3.023905903619e-08 
       1.242786045752e+01       3.486589827603e-08 
       1.341929504291e+01       2.736141793759e-08 
       1.448982148328e+01       1.565606815922e-08 
       1.564574934421e+01       6.313124945580e-09 
       1.689389153788e+01       1.480730954234e-09 
       1.824160447766e+01       6.782952193377e-11 
       1.969683143598e+01       9.043937634733e-11 
       2.126814936113e+01       2.607571830671e-10 
       2.296481942883e+01       2.283601207413e-10 
       2.479684162659e+01       1.063288007846e-10 
       2.677501369256e+01       2.467018781681e-11 
       2.891099475621e+01       1.050444053201e-12 
       3.121737405595e+01       8.310756692742e-13 
       3.370774513870e+01       1.563444919706e-12 
       3.639678597884e+01       5.749281864052e-13 
       3.930034548851e+01       2.103930911553e-14 
       4.243553692939e+01       6.053201524587e-14 
       4.582083877640e+01       1.192773068682e-13 
       4.947620362778e+01       7.955336341372e-14 
       5.342317580354e+01       3.585014039858e-14 
