# Matter power spectrum P(k) at redshift z=99
# for k=1.04206e-05 to 53.4232 h/Mpc,
# number of wavenumbers equal to 243
#    1:k (h/Mpc)              2:P (Mpc/h)^3        
       1.042057218184e-05       7.036260930754e-03 
       1.125187501919e-05       7.577807676131e-03 
       1.214949517534e-05       8.161033621924e-03 
       1.311872312515e-05       8.789148143826e-03 
       1.416527139199e-05       9.465605316252e-03 
       1.529530821670e-05       1.019412588217e-02 
       1.651549391254e-05       1.097871819869e-02 
       1.783302012034e-05       1.182369464834e-02 
       1.925565219523e-05       1.273370417077e-02 
       2.079177497483e-05       1.371375238310e-02 
       2.245044219853e-05       1.476922835932e-02 
       2.424142986925e-05       1.590593819054e-02 
       2.617529387212e-05       1.713013404053e-02 
       2.826343218975e-05       1.844854685453e-02 
       3.051815208062e-05       1.986842969419e-02 
       3.295274261680e-05       2.139759140196e-02 
       3.558155300819e-05       2.304444015036e-02 
       3.842007717529e-05       2.481803398285e-02 
       4.148504506860e-05       2.672812601260e-02 
       4.479452127312e-05       2.878522064924e-02 
       4.836801147907e-05       3.100063001831e-02 
       5.222657744628e-05       3.338653471483e-02 
       5.639296113988e-05       3.595605558343e-02 
       6.089171876895e-05       3.872331950616e-02 
       6.574936551816e-05       4.170354104424e-02 
       7.099453182532e-05       4.491310311902e-02 
       7.665813212606e-05       4.836964963932e-02 
       8.277354706016e-05       5.209217844656e-02 
       8.937682021332e-05       5.610114902160e-02 
       9.650687055417e-05       6.041858992006e-02 
       1.042057218184e-04       6.506822427771e-02 
       1.125187501919e-04       7.007559023112e-02 
       1.214949517534e-04       7.546819265719e-02 
       1.311872312515e-04       8.127563723000e-02 
       1.416527139199e-04       8.752980293282e-02 
       1.529530821670e-04       9.426500752579e-02 
       1.651549391254e-04       1.015181935452e-01 
       1.783302012034e-04       1.093291280398e-01 
       1.925565219523e-04       1.177406113991e-01 
       2.079177497483e-04       1.267987049674e-01 
       2.245044219853e-04       1.365529774965e-01 
       2.424142986925e-04       1.470567587257e-01 
       2.617529387212e-04       1.583674216809e-01 
       2.826343218975e-04       1.705466741626e-01 
       3.051815208062e-04       1.836608705283e-01 
       3.295274261680e-04       1.977813492154e-01 
       3.558155300819e-04       2.129847782935e-01 
       3.842007717529e-04       2.293535305836e-01 
       4.148504506860e-04       2.469760656113e-01 
       4.479452127312e-04       2.659473415487e-01 
       4.836801147907e-04       2.863692324392e-01 
       5.222657744628e-04       3.083509592451e-01 
       5.639296113988e-04       3.320095401761e-01 
       6.089171876895e-04       3.574702178047e-01 
       6.574936551816e-04       3.848669204340e-01 
       7.099453182532e-04       4.143426642329e-01 
       7.665813212606e-04       4.460499663269e-01 
       8.277354706016e-04       4.801511871184e-01 
       8.937682021332e-04       5.168188240912e-01 
       9.650687055417e-04       5.562356988541e-01 
       1.042057218184e-03       5.985950255103e-01 
       1.125187501919e-03       6.441003045041e-01 
       1.214949517534e-03       6.929649991248e-01 
       1.311872312515e-03       7.454119173881e-01 
       1.416527139199e-03       8.016805663348e-01 
       1.529530821670e-03       8.620070327655e-01 
       1.651549391254e-03       9.266333534086e-01 
       1.783302012034e-03       9.958058760168e-01 
       1.925565219523e-03       1.069769906365e+00 
       2.079177497483e-03       1.148765179173e+00 
       2.245044219853e-03       1.233020202050e+00 
       2.424142986925e-03       1.322745165670e+00 
       2.617529387212e-03       1.418123333594e+00 
       2.826343218975e-03       1.519300753208e+00 
       3.051815208062e-03       1.626374119356e+00 
       3.295274261680e-03       1.739376797464e+00 
       3.558155300819e-03       1.858263551729e+00 
       3.842007717529e-03       1.982892994617e+00 
       4.148504506860e-03       2.113010513912e+00 
       4.479452127312e-03       2.248230587614e+00 
       4.836801147907e-03       2.388020493915e+00 
       5.222657744628e-03       2.531687163819e+00 
       5.639296113988e-03       2.678368366218e+00 
       6.089171876895e-03       2.827032395961e+00 
       6.574936551816e-03       2.976481688400e+00 
       7.099453182532e-03       3.125365296819e+00 
       7.665813212606e-03       3.272196150530e+00 
       8.277354706016e-03       3.415370451210e+00 
       8.937682021332e-03       3.553180961569e+00 
       9.650687055417e-03       3.683816952878e+00 
       1.042057218184e-02       3.805350972714e+00 
       1.125187501919e-02       3.915703575109e+00 
       1.214949517534e-02       4.012614490367e+00 
       1.311872312515e-02       4.093620053650e+00 
       1.416527139199e-02       4.156089440225e+00 
       1.529530821666e-02       4.197321145204e+00 
       1.651549391176e-02       4.214691494039e+00 
       1.783302010906e-02       4.205837950632e+00 
       1.925565206518e-02       4.168830069060e+00 
       2.079177376287e-02       4.102321250533e+00 
       2.245043293693e-02       4.005779943606e+00 
       2.424137103356e-02       3.879731293428e+00 
       2.617497906706e-02       3.726108492976e+00 
       2.826199580119e-02       3.548472508860e+00 
       3.051249938375e-02       3.352159589668e+00 
       3.293336996262e-02       3.144353709298e+00 
       3.552331487266e-02       2.933974203181e+00 
       3.826582157228e-02       2.731052076885e+00 
       4.112404724473e-02       2.545236019517e+00 
       4.404493044138e-02       2.383523319611e+00 
       4.697466957067e-02       2.248560464512e+00 
       4.987520971806e-02       2.138744172845e+00 
       5.272987739079e-02       2.049723478830e+00 
       5.553868476799e-02       1.976110608503e+00 
       5.831086443783e-02       1.912766299953e+00 
       6.105929318352e-02       1.855168677815e+00 
       6.379744399755e-02       1.799538850073e+00 
       6.653804689347e-02       1.742902273150e+00 
       6.929265033370e-02       1.683091497485e+00 
       7.207159151451e-02       1.618766909527e+00 
       7.488412589325e-02       1.549400958718e+00 
       7.773860159413e-02       1.475266101748e+00 
       8.064263092727e-02       1.397357046747e+00 
       8.360324183574e-02       1.317275157318e+00 
       8.662700531640e-02       1.237044541731e+00 
       8.972014012085e-02       1.158901780695e+00 
       9.288859777810e-02       1.085053402998e+00 
       9.613813123925e-02       1.017435269354e+00 
       9.947435014200e-02       9.575118418737e-01 
       1.029027652301e-01       9.061031215353e-01 
       1.064288240027e-01       8.632989074821e-01 
       1.100579392682e-01       8.284110423339e-01 
       1.137955119551e-01       7.999964442096e-01 
       1.176469492760e-01       7.759653422402e-01 
       1.216176791504e-01       7.537775345766e-01 
       1.257131616481e-01       7.307692675444e-01 
       1.299388981110e-01       7.046040578293e-01 
       1.343004385401e-01       6.737575234875e-01 
       1.388033877828e-01       6.379174180393e-01 
       1.434534110299e-01       5.981205070368e-01 
       1.482562391095e-01       5.565523281294e-01 
       1.532176740608e-01       5.160224082684e-01 
       1.583435954687e-01       4.792748236097e-01 
       1.636399680441e-01       4.482815858244e-01 
       1.691128509406e-01       4.237600683917e-01 
       1.747684093051e-01       4.049897915220e-01 
       1.806129285724e-01       3.899801089088e-01 
       1.866528320180e-01       3.761560853658e-01 
       1.928947021034e-01       3.607092237012e-01 
       1.993453061587e-01       3.419118027489e-01 
       2.060116269760e-01       3.199270757382e-01 
       2.129008989175e-01       2.966403445509e-01 
       2.200206501922e-01       2.745664980464e-01 
       2.273787520223e-01       2.556887548798e-01 
       2.349834755150e-01       2.408030896431e-01 
       2.428435571828e-01       2.291975732809e-01 
       2.509682742266e-01       2.189047040545e-01 
       2.593675309230e-01       2.078724827041e-01 
       2.680519577530e-01       1.951860958943e-01 
       2.770330252880e-01       1.814221290823e-01 
       2.863231753450e-01       1.682368687929e-01 
       2.959359725497e-01       1.570745589679e-01 
       3.058862802544e-01       1.480197069597e-01 
       3.161904657924e-01       1.400416586925e-01 
       3.268666413804e-01       1.318735722809e-01 
       3.379349486994e-01       1.230675789253e-01 
       3.494178974139e-01       1.143146121758e-01 
       3.613407708034e-01       1.064877093618e-01 
       3.737321155121e-01       9.979925462171e-02 
       3.866243374979e-01       9.359026821152e-02 
       4.000544330338e-01       8.731587168433e-02 
       4.140648927098e-01       8.107093531365e-02 
       4.287048286841e-01       7.531847252520e-02 
       4.440313921574e-01       7.013872192753e-02 
       4.601115708827e-01       6.523103859417e-02 
       4.770244877639e-01       6.039729503192e-02 
       4.948643642554e-01       5.581589731804e-02 
       5.137443700216e-01       5.160315834003e-02 
       5.338016569706e-01       4.756972645938e-02 
       5.552039733995e-01       4.368625837691e-02 
       5.781583676391e-01       4.003802577625e-02 
       6.029225951850e-01       3.656156409172e-02 
       6.298198626618e-01       3.322966103321e-02 
       6.592572812968e-01       3.006546632285e-02 
       6.917474167662e-01       2.703312416414e-02 
       7.279297175260e-01       2.414259690911e-02 
       7.685829637218e-01       2.138214630974e-02 
       8.146102292538e-01       1.876264537495e-02 
       8.669680480455e-01       1.629634871230e-02 
       9.265193831693e-01       1.400815186291e-02 
       9.938458886090e-01       1.192685811065e-02 
       1.069144954181e+00       1.007593154574e-02 
       1.152332760345e+00       8.464603773889e-03 
       1.243295708729e+00       7.085223179125e-03 
       1.342095772805e+00       5.916493931803e-03 
       1.449029203296e+00       4.932344452095e-03 
       1.564586374602e+00       4.106441562879e-03 
       1.689391516011e+00       3.414654216945e-03 
       1.824160856865e+00       2.836097125465e-03 
       1.969683202239e+00       2.352812967200e-03 
       2.126814942975e+00       1.949616022758e-03 
       2.296481943529e+00       1.613599679280e-03 
       2.479684162707e+00       1.333896380673e-03 
       2.677501369259e+00       1.101295662875e-03 
       2.891099475621e+00       9.080786764020e-04 
       3.121737405595e+00       7.477357909247e-04 
       3.370774513870e+00       6.148029715800e-04 
       3.639678597884e+00       5.046998282881e-04 
       3.930034548851e+00       4.136008471234e-04 
       4.243553692939e+00       3.382932657272e-04 
       4.582083877640e+00       2.760997091852e-04 
       4.947620362778e+00       2.247912699449e-04 
       5.342317580354e+00       1.825044124933e-04 
       5.768501832533e+00       1.476919472839e-04 
       6.228685002611e+00       1.190663139484e-04 
       6.725579359783e+00       9.555912579262e-05 
       7.262113544958e+00       7.628945982363e-05 
       7.841449831849e+00       6.051882249755e-05 
       8.467002765069e+00       4.764199290355e-05 
       9.142459285082e+00       3.716113918186e-05 
       9.871800458624e+00       2.866299913220e-05 
       1.065932494268e+01       2.180427384763e-05 
       1.150967432028e+01       1.630516146476e-05 
       1.242786045752e+01       1.193236805533e-05 
       1.341929504291e+01       8.517344683672e-06 
       1.448982148328e+01       5.870222110001e-06 
       1.564574934421e+01       3.886296960148e-06 
       1.689389153788e+01       2.431465182679e-06 
       1.824160447766e+01       1.411827653339e-06 
       1.969683143598e+01       7.418201490144e-07 
       2.126814936113e+01       3.336578366006e-07 
       2.296481942883e+01       1.167428565013e-07 
       2.479684162659e+01       2.518068025763e-08 
       2.677501369256e+01       7.017219415312e-10 
       2.891099475621e+01       2.871583566732e-09 
       3.121737405595e+01       7.296857548277e-09 
       3.370774513870e+01       5.752470527946e-09 
       3.639678597884e+01       1.657013422648e-09 
       3.930034548851e+01       8.355911644137e-11 
       4.243553692939e+01       2.751698686319e-09 
       4.582083877640e+01       5.390114018899e-09 
       4.947620362778e+01       5.371406414901e-09 
       5.342317580354e+01       2.277492175582e-09 
