# Matter power spectrum P(k) at redshift z=99
# for k=1.04206e-05 to 53.4232 h/Mpc,
# number of wavenumbers equal to 243
#    1:k (h/Mpc)              2:P (Mpc/h)^3        
       1.042057218184e-05       7.036260929412e-03 
       1.125187501919e-05       7.577807674685e-03 
       1.214949517534e-05       8.161033620367e-03 
       1.311872312515e-05       8.789148142149e-03 
       1.416527139199e-05       9.465605314446e-03 
       1.529530821670e-05       1.019412588022e-02 
       1.651549391254e-05       1.097871819660e-02 
       1.783302012034e-05       1.182369464608e-02 
       1.925565219523e-05       1.273370416834e-02 
       2.079177497483e-05       1.371375238049e-02 
       2.245044219853e-05       1.476922835651e-02 
       2.424142986925e-05       1.590593818750e-02 
       2.617529387212e-05       1.713013403726e-02 
       2.826343218975e-05       1.844854685101e-02 
       3.051815208062e-05       1.986842969040e-02 
       3.295274261680e-05       2.139759139788e-02 
       3.558155300819e-05       2.304444014597e-02 
       3.842007717529e-05       2.481803397812e-02 
       4.148504506860e-05       2.672812600751e-02 
       4.479452127312e-05       2.878522064375e-02 
       4.836801147907e-05       3.100063001239e-02 
       5.222657744628e-05       3.338653470847e-02 
       5.639296113988e-05       3.595605557656e-02 
       6.089171876895e-05       3.872331949878e-02 
       6.574936551816e-05       4.170354103629e-02 
       7.099453182532e-05       4.491310311044e-02 
       7.665813212606e-05       4.836964963011e-02 
       8.277354706016e-05       5.209217843662e-02 
       8.937682021332e-05       5.610114901092e-02 
       9.650687055417e-05       6.041858990857e-02 
       1.042057218184e-04       6.506822426535e-02 
       1.125187501919e-04       7.007559021781e-02 
       1.214949517534e-04       7.546819264288e-02 
       1.311872312515e-04       8.127563721461e-02 
       1.416527139199e-04       8.752980291626e-02 
       1.529530821670e-04       9.426500750798e-02 
       1.651549391254e-04       1.015181935261e-01 
       1.783302012034e-04       1.093291280192e-01 
       1.925565219523e-04       1.177406113770e-01 
       2.079177497483e-04       1.267987049437e-01 
       2.245044219853e-04       1.365529774710e-01 
       2.424142986925e-04       1.470567586983e-01 
       2.617529387212e-04       1.583674216515e-01 
       2.826343218975e-04       1.705466741311e-01 
       3.051815208062e-04       1.836608704947e-01 
       3.295274261680e-04       1.977813491794e-01 
       3.558155300819e-04       2.129847782550e-01 
       3.842007717529e-04       2.293535305426e-01 
       4.148504506860e-04       2.469760655676e-01 
       4.479452127312e-04       2.659473415023e-01 
       4.836801147907e-04       2.863692323900e-01 
       5.222657744628e-04       3.083509591931e-01 
       5.639296113988e-04       3.320095401213e-01 
       6.089171876895e-04       3.574702177472e-01 
       6.574936551816e-04       3.848669203740e-01 
       7.099453182532e-04       4.143426641708e-01 
       7.665813212606e-04       4.460499662631e-01 
       8.277354706016e-04       4.801511870535e-01 
       8.937682021332e-04       5.168188240260e-01 
       9.650687055417e-04       5.562356987901e-01 
       1.042057218184e-03       5.985950254489e-01 
       1.125187501919e-03       6.441003044474e-01 
       1.214949517534e-03       6.929649990758e-01 
       1.311872312515e-03       7.454119173502e-01 
       1.416527139199e-03       8.016805663163e-01 
       1.529530821670e-03       8.620070327584e-01 
       1.651549391254e-03       9.266333534580e-01 
       1.783302012034e-03       9.958058761181e-01 
       1.925565219523e-03       1.069769906536e+00 
       2.079177497483e-03       1.148765179436e+00 
       2.245044219853e-03       1.233020202432e+00 
       2.424142986925e-03       1.322745166207e+00 
       2.617529387212e-03       1.418123334401e+00 
       2.826343218975e-03       1.519300754202e+00 
       3.051815208062e-03       1.626374120677e+00 
       3.295274261680e-03       1.739376799166e+00 
       3.558155300819e-03       1.858263553996e+00 
       3.842007717529e-03       1.982892997552e+00 
       4.148504506860e-03       2.113010517691e+00 
       4.479452127312e-03       2.248230592449e+00 
       4.836801147907e-03       2.388020500084e+00 
       5.222657744628e-03       2.531687171641e+00 
       5.639296113988e-03       2.678368376108e+00 
       6.089171876895e-03       2.827032408427e+00 
       6.574936551816e-03       2.976481704051e+00 
       7.099453182532e-03       3.125365319210e+00 
       7.665813212606e-03       3.272196107275e+00 
       8.277354706016e-03       3.415370481561e+00 
       8.937682021332e-03       3.553181357916e+00 
       9.650687055417e-03       3.683816999588e+00 
       1.042057218184e-02       3.805351030256e+00 
       1.125187501919e-02       3.915703875535e+00 
       1.214949517534e-02       4.012614722035e+00 
       1.311872312515e-02       4.093620159300e+00 
       1.416527139199e-02       4.156089568656e+00 
       1.529530821666e-02       4.197321300703e+00 
       1.651549391176e-02       4.214691681500e+00 
       1.783302010906e-02       4.205838175583e+00 
       1.925565206518e-02       4.168827147939e+00 
       2.079177376287e-02       4.102325628288e+00 
       2.245043293693e-02       4.005780443754e+00 
       2.424137103356e-02       3.879731253028e+00 
       2.617497906706e-02       3.726109009355e+00 
       2.826199580119e-02       3.548481011329e+00 
       3.051249938375e-02       3.352157273078e+00 
       3.293336996262e-02       3.144354501283e+00 
       3.552331487266e-02       2.933975102227e+00 
       3.826582157228e-02       2.731057714215e+00 
       4.112404724473e-02       2.545237165069e+00 
       4.404493044138e-02       2.383524589311e+00 
       4.697466957067e-02       2.248561882179e+00 
       4.987520971806e-02       2.138753703921e+00 
       5.272987739079e-02       2.049724634036e+00 
       5.553868476799e-02       1.976110900461e+00 
       5.831086443783e-02       1.912771380075e+00 
       6.105929318352e-02       1.855172127773e+00 
       6.379744399755e-02       1.799541131367e+00 
       6.653804689347e-02       1.742905196314e+00 
       6.929265033370e-02       1.683096131349e+00 
       7.207159151451e-02       1.618770622944e+00 
       7.488412589325e-02       1.549404548898e+00 
       7.773860159413e-02       1.475270002101e+00 
       8.064263092727e-02       1.397361117931e+00 
       8.360324183574e-02       1.317278486831e+00 
       8.662700531640e-02       1.237048068169e+00 
       8.972014012085e-02       1.158905125729e+00 
       9.288859777810e-02       1.085057010359e+00 
       9.613813123925e-02       1.017439936241e+00 
       9.947435014200e-02       9.575172374973e-01 
       1.029027652301e-01       9.061077727718e-01 
       1.064288240027e-01       8.633033399640e-01 
       1.100579392682e-01       8.284167303381e-01 
       1.137955119551e-01       8.000012835108e-01 
       1.176469492760e-01       7.759702307428e-01 
       1.216176791504e-01       7.537826189505e-01 
       1.257131616481e-01       7.307741484144e-01 
       1.299388981110e-01       7.046082894304e-01 
       1.343004385401e-01       6.737620859886e-01 
       1.388033877828e-01       6.379226047632e-01 
       1.434534110299e-01       5.981248621527e-01 
       1.482562391095e-01       5.565576449839e-01 
       1.532176740608e-01       5.160289500266e-01 
       1.583435954687e-01       4.792815682428e-01 
       1.636399680441e-01       4.482884757988e-01 
       1.691128509406e-01       4.237670752576e-01 
       1.747684093051e-01       4.049971519357e-01 
       1.806129285724e-01       3.899889211478e-01 
       1.866528320180e-01       3.761602227828e-01 
       1.928947021034e-01       3.607121712496e-01 
       1.993453061587e-01       3.419141508639e-01 
       2.060116269760e-01       3.199321068413e-01 
       2.129008989175e-01       2.966488053304e-01 
       2.200206501922e-01       2.745754956107e-01 
       2.273787520223e-01       2.556973974810e-01 
       2.349834755150e-01       2.408119554965e-01 
       2.428435571828e-01       2.292067587067e-01 
       2.509682742266e-01       2.189115401161e-01 
       2.593675309230e-01       2.078805122774e-01 
       2.680519577530e-01       1.951951352677e-01 
       2.770330252880e-01       1.814327051624e-01 
       2.863231753450e-01       1.682470741904e-01 
       2.959359725497e-01       1.570849389075e-01 
       3.058862802544e-01       1.480300934342e-01 
       3.161904657924e-01       1.400526757584e-01 
       3.268666413804e-01       1.318844950318e-01 
       3.379349486994e-01       1.230790774319e-01 
       3.494178974139e-01       1.143258294012e-01 
       3.613407708034e-01       1.064991724604e-01 
       3.737321155121e-01       9.981087373803e-02 
       3.866243374979e-01       9.360221563990e-02 
       4.000544330338e-01       8.732774029894e-02 
       4.140648927098e-01       8.108300605508e-02 
       4.287048286841e-01       7.533075620919e-02 
       4.440313921574e-01       7.015119572182e-02 
       4.601115708827e-01       6.524372157049e-02 
       4.770244877639e-01       6.041004994680e-02 
       4.948643642554e-01       5.582888115514e-02 
       5.137443700216e-01       5.161628337537e-02 
       5.338016569706e-01       4.758306833829e-02 
       5.552039733995e-01       4.369965187411e-02 
       5.781583676391e-01       4.005168531274e-02 
       6.029225951850e-01       3.657537214058e-02 
       6.298198626618e-01       3.324352294340e-02 
       6.592572812968e-01       3.007952824262e-02 
       6.917474167662e-01       2.704746851231e-02 
       7.279297175260e-01       2.415710517010e-02 
       7.685829637218e-01       2.139686262837e-02 
       8.146102292538e-01       1.877745429650e-02 
       8.669680480455e-01       1.631131824544e-02 
       9.265193831693e-01       1.402335383660e-02 
       9.938458886090e-01       1.194212750761e-02 
       1.069144954181e+00       1.009135699445e-02 
       1.152332760345e+00       8.480135474096e-03 
       1.243295708729e+00       7.100875157674e-03 
       1.342095772805e+00       5.932208490686e-03 
       1.449029203296e+00       4.948139920651e-03 
       1.564586374602e+00       4.122265822457e-03 
       1.689391516011e+00       3.430488616506e-03 
       1.824160856865e+00       2.851920687444e-03 
       1.969683202239e+00       2.368624189110e-03 
       2.126814942975e+00       1.965384269904e-03 
       2.296481943529e+00       1.629306605600e-03 
       2.479684162707e+00       1.349528126724e-03 
       2.677501369259e+00       1.116834993046e-03 
       2.891099475621e+00       9.235142644459e-04 
       3.121737405595e+00       7.630415387631e-04 
       3.370774513870e+00       6.299717026552e-04 
       3.639678597884e+00       5.197173072086e-04 
       3.930034548851e+00       4.284536656066e-04 
       4.243553692939e+00       3.529618447035e-04 
       4.582083877640e+00       2.905774864058e-04 
       4.947620362778e+00       2.390607530663e-04 
       5.342317580354e+00       1.965507069531e-04 
       5.768501832533e+00       1.614992643280e-04 
       6.228685002611e+00       1.326177663699e-04 
       6.725579359783e+00       1.088380734620e-04 
       7.262113544958e+00       8.927069467835e-05 
       7.841449831849e+00       7.318037216456e-05 
       8.467002765069e+00       5.995626412670e-05 
       9.142459285082e+00       4.909623019702e-05 
       9.871800458624e+00       4.018276194984e-05 
       1.065932494268e+01       3.286966646606e-05 
       1.150967432028e+01       2.687421784766e-05 
       1.242786045752e+01       2.196119583081e-05 
       1.341929504291e+01       1.793727645553e-05 
       1.448982148328e+01       1.464335475984e-05 
       1.564574934421e+01       1.194818475977e-05 
       1.689389153788e+01       9.743855786700e-06 
       1.824160447766e+01       7.942013479542e-06 
       1.969683143598e+01       6.469655092008e-06 
       2.126814936113e+01       5.267060274570e-06 
       2.296481942883e+01       4.285210059690e-06 
       2.479684162659e+01       3.483930263743e-06 
       2.677501369256e+01       2.830098762733e-06 
       2.891099475621e+01       2.296895773005e-06 
       3.121737405595e+01       1.862166108815e-06 
       3.370774513870e+01       1.507831037491e-06 
       3.639678597884e+01       1.219091956505e-06 
       3.930034548851e+01       9.838859461975e-07 
       4.243553692939e+01       7.923331695575e-07 
       4.582083877640e+01       6.363824683046e-07 
       4.947620362778e+01       5.094554189538e-07 
       5.342317580354e+01       4.062039433807e-07 
