# Matter power spectrum P(k) at redshift z=99
# for k=1.04206e-05 to 53.4232 h/Mpc,
# number of wavenumbers equal to 243
#    1:k (h/Mpc)              2:P (Mpc/h)^3        
       1.042057218184e-05       7.036260931286e-03 
       1.125187501919e-05       7.577807676703e-03 
       1.214949517534e-05       8.161033622541e-03 
       1.311872312515e-05       8.789148144490e-03 
       1.416527139199e-05       9.465605316967e-03 
       1.529530821670e-05       1.019412588294e-02 
       1.651549391254e-05       1.097871819952e-02 
       1.783302012034e-05       1.182369464923e-02 
       1.925565219523e-05       1.273370417173e-02 
       2.079177497483e-05       1.371375238414e-02 
       2.245044219853e-05       1.476922836044e-02 
       2.424142986925e-05       1.590593819174e-02 
       2.617529387212e-05       1.713013404183e-02 
       2.826343218975e-05       1.844854685592e-02 
       3.051815208062e-05       1.986842969569e-02 
       3.295274261680e-05       2.139759140357e-02 
       3.558155300819e-05       2.304444015210e-02 
       3.842007717529e-05       2.481803398472e-02 
       4.148504506860e-05       2.672812601462e-02 
       4.479452127312e-05       2.878522065141e-02 
       4.836801147907e-05       3.100063002065e-02 
       5.222657744628e-05       3.338653471735e-02 
       5.639296113988e-05       3.595605558615e-02 
       6.089171876895e-05       3.872331950908e-02 
       6.574936551816e-05       4.170354104739e-02 
       7.099453182532e-05       4.491310312242e-02 
       7.665813212606e-05       4.836964964296e-02 
       8.277354706016e-05       5.209217845049e-02 
       8.937682021332e-05       5.610114902583e-02 
       9.650687055417e-05       6.041858992461e-02 
       1.042057218184e-04       6.506822428260e-02 
       1.125187501919e-04       7.007559023638e-02 
       1.214949517534e-04       7.546819266286e-02 
       1.311872312515e-04       8.127563723610e-02 
       1.416527139199e-04       8.752980293937e-02 
       1.529530821670e-04       9.426500753284e-02 
       1.651549391254e-04       1.015181935528e-01 
       1.783302012034e-04       1.093291280479e-01 
       1.925565219523e-04       1.177406114079e-01 
       2.079177497483e-04       1.267987049768e-01 
       2.245044219853e-04       1.365529775066e-01 
       2.424142986925e-04       1.470567587365e-01 
       2.617529387212e-04       1.583674216925e-01 
       2.826343218975e-04       1.705466741750e-01 
       3.051815208062e-04       1.836608705417e-01 
       3.295274261680e-04       1.977813492297e-01 
       3.558155300819e-04       2.129847783087e-01 
       3.842007717529e-04       2.293535305999e-01 
       4.148504506860e-04       2.469760656286e-01 
       4.479452127312e-04       2.659473415671e-01 
       4.836801147907e-04       2.863692324587e-01 
       5.222657744628e-04       3.083509592657e-01 
       5.639296113988e-04       3.320095401978e-01 
       6.089171876895e-04       3.574702178274e-01 
       6.574936551816e-04       3.848669204577e-01 
       7.099453182532e-04       4.143426642575e-01 
       7.665813212606e-04       4.460499663522e-01 
       8.277354706016e-04       4.801511871441e-01 
       8.937682021332e-04       5.168188241169e-01 
       9.650687055417e-04       5.562356988795e-01 
       1.042057218184e-03       5.985950255347e-01 
       1.125187501919e-03       6.441003045265e-01 
       1.214949517534e-03       6.929649991442e-01 
       1.311872312515e-03       7.454119174031e-01 
       1.416527139199e-03       8.016805663421e-01 
       1.529530821670e-03       8.620070327444e-01 
       1.651549391254e-03       9.266333533897e-01 
       1.783302012034e-03       9.958058759766e-01 
       1.925565219523e-03       1.069769906289e+00 
       2.079177497483e-03       1.148765179069e+00 
       2.245044219853e-03       1.233020201898e+00 
       2.424142986925e-03       1.322745165743e+00 
       2.617529387212e-03       1.418123333302e+00 
       2.826343218975e-03       1.519300752811e+00 
       3.051815208062e-03       1.626374118832e+00 
       3.295274261680e-03       1.739376796776e+00 
       3.558155300819e-03       1.858263550671e+00 
       3.842007717529e-03       1.982892993455e+00 
       4.148504506860e-03       2.113010512419e+00 
       4.479452127312e-03       2.248230585761e+00 
       4.836801147907e-03       2.388020491521e+00 
       5.222657744628e-03       2.531687154495e+00 
       5.639296113988e-03       2.678368257841e+00 
       6.089171876895e-03       2.827032349426e+00 
       6.574936551816e-03       2.976481682205e+00 
       7.099453182532e-03       3.125365291839e+00 
       7.665813212606e-03       3.272196140819e+00 
       8.277354706016e-03       3.415370785002e+00 
       8.937682021332e-03       3.553180946556e+00 
       9.650687055417e-03       3.683816934305e+00 
       1.042057218184e-02       3.805350948843e+00 
       1.125187501919e-02       3.915703776641e+00 
       1.214949517534e-02       4.012614455794e+00 
       1.311872312515e-02       4.093620011401e+00 
       1.416527139199e-02       4.156090228607e+00 
       1.529530821666e-02       4.197321150015e+00 
       1.651549391176e-02       4.214688774666e+00 
       1.783302010906e-02       4.205837825625e+00 
       1.925565206518e-02       4.168829832014e+00 
       2.079177376287e-02       4.102324518867e+00 
       2.245043293693e-02       4.005776880180e+00 
       2.424137103356e-02       3.879731111822e+00 
       2.617497906706e-02       3.726108279851e+00 
       2.826199580119e-02       3.548476916268e+00 
       3.051249938375e-02       3.352157738742e+00 
       3.293336996262e-02       3.144353376133e+00 
       3.552331487266e-02       2.933973820635e+00 
       3.826582157228e-02       2.731056210250e+00 
       4.112404724473e-02       2.545236705522e+00 
       4.404493044138e-02       2.383524609412e+00 
       4.697466957067e-02       2.248565756690e+00 
       4.987520971806e-02       2.138751451167e+00 
       5.272987739079e-02       2.049719259695e+00 
       5.553868476799e-02       1.976107641922e+00 
       5.831086443783e-02       1.912765376407e+00 
       6.105929318352e-02       1.855168205807e+00 
       6.379744399755e-02       1.799539807387e+00 
       6.653804689347e-02       1.742900843483e+00 
       6.929265033370e-02       1.683091568950e+00 
       7.207159151451e-02       1.618765768664e+00 
       7.488412589325e-02       1.549399441516e+00 
       7.773860159413e-02       1.475264573167e+00 
       8.064263092727e-02       1.397355432103e+00 
       8.360324183574e-02       1.317272660293e+00 
       8.662700531640e-02       1.237042912816e+00 
       8.972014012085e-02       1.158900140318e+00 
       9.288859777810e-02       1.085051402765e+00 
       9.613813123925e-02       1.017433233239e+00 
       9.947435014200e-02       9.575097631768e-01 
       1.029027652301e-01       9.061014227968e-01 
       1.064288240027e-01       8.632979259676e-01 
       1.100579392682e-01       8.284085914168e-01 
       1.137955119551e-01       7.999938786946e-01 
       1.176469492760e-01       7.759628270973e-01 
       1.216176791504e-01       7.537746286597e-01 
       1.257131616481e-01       7.307661547220e-01 
       1.299388981110e-01       7.045999817607e-01 
       1.343004385401e-01       6.737541959575e-01 
       1.388033877828e-01       6.379135973654e-01 
       1.434534110299e-01       5.981168662295e-01 
       1.482562391095e-01       5.565484435283e-01 
       1.532176740608e-01       5.160185553695e-01 
       1.583435954687e-01       4.792707623096e-01 
       1.636399680441e-01       4.482774568581e-01 
       1.691128509406e-01       4.237555746149e-01 
       1.747684093051e-01       4.049848352608e-01 
       1.806129285724e-01       3.899751225878e-01 
       1.866528320180e-01       3.761508540056e-01 
       1.928947021034e-01       3.607036770705e-01 
       1.993453061587e-01       3.419058672913e-01 
       2.060116269760e-01       3.199210364981e-01 
       2.129008989175e-01       2.966338728478e-01 
       2.200206501922e-01       2.745600922543e-01 
       2.273787520223e-01       2.556820271954e-01 
       2.349834755150e-01       2.407961514053e-01 
       2.428435571828e-01       2.291901653729e-01 
       2.509682742266e-01       2.188968998375e-01 
       2.593675309230e-01       2.078654431411e-01 
       2.680519577530e-01       1.951774746997e-01 
       2.770330252880e-01       1.814135427471e-01 
       2.863231753450e-01       1.682276393917e-01 
       2.959359725497e-01       1.570653493588e-01 
       3.058862802544e-01       1.480101070521e-01 
       3.161904657924e-01       1.400317374270e-01 
       3.268666413804e-01       1.318630391502e-01 
       3.379349486994e-01       1.230568065983e-01 
       3.494178974139e-01       1.143034420908e-01 
       3.613407708034e-01       1.064762030621e-01 
       3.737321155121e-01       9.978730373334e-02 
       3.866243374979e-01       9.357791973420e-02 
       4.000544330338e-01       8.730277887477e-02 
       4.140648927098e-01       8.105759538106e-02 
       4.287048286841e-01       7.530450668197e-02 
       4.440313921574e-01       7.012413870503e-02 
       4.601115708827e-01       6.521615647830e-02 
       4.770244877639e-01       6.038179908316e-02 
       4.948643642554e-01       5.579986537511e-02 
       5.137443700216e-01       5.158642892467e-02 
       5.338016569706e-01       4.755236003685e-02 
       5.552039733995e-01       4.366832804818e-02 
       5.781583676391e-01       4.001926382799e-02 
       6.029225951850e-01       3.654196129032e-02 
       6.298198626618e-01       3.320917534163e-02 
       6.592572812968e-01       3.004406939879e-02 
       6.917474167662e-01       2.701071839895e-02 
       7.279297175260e-01       2.411904706928e-02 
       7.685829637218e-01       2.135738226601e-02 
       8.146102292538e-01       1.873643309956e-02 
       8.669680480455e-01       1.626859893850e-02 
       9.265193831693e-01       1.397864095705e-02 
       9.938458886090e-01       1.189534537483e-02 
       1.069144954181e+00       1.004230263370e-02 
       1.152332760345e+00       8.428643885062e-03 
       1.243295708729e+00       7.046839320458e-03 
       1.342095772805e+00       5.875539573901e-03 
       1.449029203296e+00       4.888740631039e-03 
       1.564586374602e+00       4.060044065353e-03 
       1.689391516011e+00       3.365386753000e-03 
       1.824160856865e+00       2.783902348394e-03 
       1.969683202239e+00       2.297653635945e-03 
       2.126814942975e+00       1.891465902605e-03 
       2.296481943529e+00       1.552471858356e-03 
       2.479684162707e+00       1.269849391721e-03 
       2.677501369259e+00       1.034430868951e-03 
       2.891099475621e+00       8.385623572522e-04 
       3.121737405595e+00       6.757789033772e-04 
       3.370774513870e+00       5.407111759649e-04 
       3.639678597884e+00       4.288730951552e-04 
       3.930034548851e+00       3.365242259557e-04 
       4.243553692939e+00       2.605517899023e-04 
       4.582083877640e+00       1.984000242664e-04 
       4.947620362778e+00       1.479437684756e-04 
       5.342317580354e+00       1.074146420631e-04 
       5.768501832533e+00       7.534735863923e-05 
       6.228685002611e+00       5.050829553209e-05 
       6.725579359783e+00       3.183174672043e-05 
       7.262113544958e+00       1.837559795099e-05 
       7.841449831849e+00       9.275678019500e-06 
       8.467002765069e+00       3.709630174749e-06 
       9.142459285082e+00       8.796159159919e-07 
       9.871800458624e+00       8.694245643349e-09 
       1.065932494268e+01       3.554183126507e-07 
       1.150967432028e+01       1.252963940344e-06 
       1.242786045752e+01       2.158447920109e-06 
       1.341929504291e+01       2.706255745178e-06 
       1.448982148328e+01       2.738169063929e-06 
       1.564574934421e+01       2.302551264709e-06 
       1.689389153788e+01       1.598986006193e-06 
       1.824160447766e+01       8.796211097216e-07 
       1.969683143598e+01       3.453638801144e-07 
       2.126814936113e+01       7.174889767234e-08 
       2.296481942883e+01       3.583438751361e-10 
       2.479684162659e+01       1.681737243640e-08 
       2.677501369256e+01       3.049412668454e-08 
       2.891099475621e+01       1.953254502162e-08 
       3.121737405595e+01       4.205440063743e-09 
       3.370774513870e+01       2.640425463090e-11 
       3.639678597884e+01       1.509380238726e-09 
       3.930034548851e+01       9.729767367757e-10 
       4.243553692939e+01       9.928970414522e-12 
       4.582083877640e+01       2.972962452235e-10 
       4.947620362778e+01       3.277682389691e-10 
       5.342317580354e+01       2.199660513452e-11 
