# Matter power spectrum P(k) at redshift z=99
# for k=1.04206e-05 to 53.4232 h/Mpc,
# number of wavenumbers equal to 243
#    1:k (h/Mpc)              2:P (Mpc/h)^3        
       1.042057218184e-05       7.036260929411e-03 
       1.125187501919e-05       7.577807674685e-03 
       1.214949517534e-05       8.161033620366e-03 
       1.311872312515e-05       8.789148142149e-03 
       1.416527139199e-05       9.465605314445e-03 
       1.529530821670e-05       1.019412588022e-02 
       1.651549391254e-05       1.097871819660e-02 
       1.783302012034e-05       1.182369464608e-02 
       1.925565219523e-05       1.273370416834e-02 
       2.079177497483e-05       1.371375238049e-02 
       2.245044219853e-05       1.476922835650e-02 
       2.424142986925e-05       1.590593818750e-02 
       2.617529387212e-05       1.713013403726e-02 
       2.826343218975e-05       1.844854685101e-02 
       3.051815208062e-05       1.986842969040e-02 
       3.295274261680e-05       2.139759139788e-02 
       3.558155300819e-05       2.304444014597e-02 
       3.842007717529e-05       2.481803397811e-02 
       4.148504506860e-05       2.672812600751e-02 
       4.479452127312e-05       2.878522064375e-02 
       4.836801147907e-05       3.100063001239e-02 
       5.222657744628e-05       3.338653470847e-02 
       5.639296113988e-05       3.595605557656e-02 
       6.089171876895e-05       3.872331949878e-02 
       6.574936551816e-05       4.170354103628e-02 
       7.099453182532e-05       4.491310311044e-02 
       7.665813212606e-05       4.836964963010e-02 
       8.277354706016e-05       5.209217843662e-02 
       8.937682021332e-05       5.610114901091e-02 
       9.650687055417e-05       6.041858990856e-02 
       1.042057218184e-04       6.506822426534e-02 
       1.125187501919e-04       7.007559021781e-02 
       1.214949517534e-04       7.546819264288e-02 
       1.311872312515e-04       8.127563721460e-02 
       1.416527139199e-04       8.752980291625e-02 
       1.529530821670e-04       9.426500750798e-02 
       1.651549391254e-04       1.015181935261e-01 
       1.783302012034e-04       1.093291280192e-01 
       1.925565219523e-04       1.177406113770e-01 
       2.079177497483e-04       1.267987049437e-01 
       2.245044219853e-04       1.365529774710e-01 
       2.424142986925e-04       1.470567586983e-01 
       2.617529387212e-04       1.583674216515e-01 
       2.826343218975e-04       1.705466741311e-01 
       3.051815208062e-04       1.836608704947e-01 
       3.295274261680e-04       1.977813491794e-01 
       3.558155300819e-04       2.129847782550e-01 
       3.842007717529e-04       2.293535305426e-01 
       4.148504506860e-04       2.469760655676e-01 
       4.479452127312e-04       2.659473415023e-01 
       4.836801147907e-04       2.863692323900e-01 
       5.222657744628e-04       3.083509591931e-01 
       5.639296113988e-04       3.320095401213e-01 
       6.089171876895e-04       3.574702177472e-01 
       6.574936551816e-04       3.848669203740e-01 
       7.099453182532e-04       4.143426641708e-01 
       7.665813212606e-04       4.460499662631e-01 
       8.277354706016e-04       4.801511870534e-01 
       8.937682021332e-04       5.168188240260e-01 
       9.650687055417e-04       5.562356987900e-01 
       1.042057218184e-03       5.985950254489e-01 
       1.125187501919e-03       6.441003044477e-01 
       1.214949517534e-03       6.929649990758e-01 
       1.311872312515e-03       7.454119173502e-01 
       1.416527139199e-03       8.016805663163e-01 
       1.529530821670e-03       8.620070327584e-01 
       1.651549391254e-03       9.266333534575e-01 
       1.783302012034e-03       9.958058761181e-01 
       1.925565219523e-03       1.069769906528e+00 
       2.079177497483e-03       1.148765179436e+00 
       2.245044219853e-03       1.233020202432e+00 
       2.424142986925e-03       1.322745166207e+00 
       2.617529387212e-03       1.418123334331e+00 
       2.826343218975e-03       1.519300754235e+00 
       3.051815208062e-03       1.626374120678e+00 
       3.295274261680e-03       1.739376799202e+00 
       3.558155300819e-03       1.858263553996e+00 
       3.842007717529e-03       1.982892997553e+00 
       4.148504506860e-03       2.113010517692e+00 
       4.479452127312e-03       2.248230592513e+00 
       4.836801147907e-03       2.388020500111e+00 
       5.222657744628e-03       2.531687171642e+00 
       5.639296113988e-03       2.678368271653e+00 
       6.089171876895e-03       2.827032366832e+00 
       6.574936551816e-03       2.976481703858e+00 
       7.099453182532e-03       3.125365318987e+00 
       7.665813212606e-03       3.272196174991e+00 
       8.277354706016e-03       3.415370827528e+00 
       8.937682021332e-03       3.553180999138e+00 
       9.650687055417e-03       3.683816999085e+00 
       1.042057218184e-02       3.805351171890e+00 
       1.125187501919e-02       3.915703875559e+00 
       1.214949517534e-02       4.012614576970e+00 
       1.311872312515e-02       4.093619330576e+00 
       1.416527139199e-02       4.156090452366e+00 
       1.529530821666e-02       4.197321830047e+00 
       1.651549391176e-02       4.214691681546e+00 
       1.783302010906e-02       4.205837665512e+00 
       1.925565206518e-02       4.168827945391e+00 
       2.079177376287e-02       4.102321569665e+00 
       2.245043293693e-02       4.005780033773e+00 
       2.424137103356e-02       3.879732792132e+00 
       2.617497906706e-02       3.726109009490e+00 
       2.826199580119e-02       3.548473108013e+00 
       3.051249938375e-02       3.352159643739e+00 
       3.293336996262e-02       3.144354501311e+00 
       3.552331487266e-02       2.933978666001e+00 
       3.826582157228e-02       2.731053887503e+00 
       4.112404724473e-02       2.545235901734e+00 
       4.404493044138e-02       2.383525678416e+00 
       4.697466957067e-02       2.248561887299e+00 
       4.987520971806e-02       2.138753673920e+00 
       5.272987739079e-02       2.049721594007e+00 
       5.553868476799e-02       1.976113152097e+00 
       5.831086443783e-02       1.912769589880e+00 
       6.105929318352e-02       1.855171264838e+00 
       6.379744399755e-02       1.799541063255e+00 
       6.653804689347e-02       1.742904392046e+00 
       6.929265033370e-02       1.683095376020e+00 
       7.207159151451e-02       1.618769908523e+00 
       7.488412589325e-02       1.549404990845e+00 
       7.773860159413e-02       1.475269928569e+00 
       8.064263092727e-02       1.397359978898e+00 
       8.360324183574e-02       1.317278390148e+00 
       8.662700531640e-02       1.237047522026e+00 
       8.972014012085e-02       1.158905647027e+00 
       9.288859777810e-02       1.085057054771e+00 
       9.613813123925e-02       1.017439210284e+00 
       9.947435014200e-02       9.575168038669e-01 
       1.029027652301e-01       9.061078952515e-01 
       1.064288240027e-01       8.633033680562e-01 
       1.100579392682e-01       8.284156212887e-01 
       1.137955119551e-01       8.000013345915e-01 
       1.176469492760e-01       7.759706503584e-01 
       1.216176791504e-01       7.537823222844e-01 
       1.257131616481e-01       7.307746309924e-01 
       1.299388981110e-01       7.046086974763e-01 
       1.343004385401e-01       6.737622596004e-01 
       1.388033877828e-01       6.379218899780e-01 
       1.434534110299e-01       5.981248647890e-01 
       1.482562391095e-01       5.565575594153e-01 
       1.532176740608e-01       5.160279779567e-01 
       1.583435954687e-01       4.792817008626e-01 
       1.636399680441e-01       4.482884502276e-01 
       1.691128509406e-01       4.237673147658e-01 
       1.747684093051e-01       4.049974448781e-01 
       1.806129285724e-01       3.899883781781e-01 
       1.866528320180e-01       3.761606458883e-01 
       1.928947021034e-01       3.607124322009e-01 
       1.993453061587e-01       3.419142444933e-01 
       2.060116269760e-01       3.199320122780e-01 
       2.129008989175e-01       2.966488805947e-01 
       2.200206501922e-01       2.745760636928e-01 
       2.273787520223e-01       2.556977841419e-01 
       2.349834755150e-01       2.408122871741e-01 
       2.428435571828e-01       2.292067561922e-01 
       2.509682742266e-01       2.189117069817e-01 
       2.593675309230e-01       2.078807712619e-01 
       2.680519577530e-01       1.951951338381e-01 
       2.770330252880e-01       1.814322266491e-01 
       2.863231753450e-01       1.682474351908e-01 
       2.959359725497e-01       1.570851960737e-01 
       3.058862802544e-01       1.480304367534e-01 
       3.161904657924e-01       1.400523490715e-01 
       3.268666413804e-01       1.318841612413e-01 
       3.379349486994e-01       1.230785983680e-01 
       3.494178974139e-01       1.143259248781e-01 
       3.613407708034e-01       1.064993354693e-01 
       3.737321155121e-01       9.981099927521e-02 
       3.866243374979e-01       9.360217324994e-02 
       4.000544330338e-01       8.732777562282e-02 
       4.140648927098e-01       8.108312255876e-02 
       4.287048286841e-01       7.533089086837e-02 
       4.440313921574e-01       7.015124312445e-02 
       4.601115708827e-01       6.524378091586e-02 
       4.770244877639e-01       6.041016946573e-02 
       4.948643642554e-01       5.582895665496e-02 
       5.137443700216e-01       5.161634120910e-02 
       5.338016569706e-01       4.758312074712e-02 
       5.552039733995e-01       4.369971077510e-02 
       5.781583676391e-01       4.005173853200e-02 
       6.029225951850e-01       3.657540801227e-02 
       6.298198626618e-01       3.324357074806e-02 
       6.592572812968e-01       3.007956409202e-02 
       6.917474167662e-01       2.704750730749e-02 
       7.279297175260e-01       2.415714591414e-02 
       7.685829637218e-01       2.139689618007e-02 
       8.146102292538e-01       1.877748912679e-02 
       8.669680480455e-01       1.631135044467e-02 
       9.265193831693e-01       1.402338423252e-02 
       9.938458886090e-01       1.194215308634e-02 
       1.069144954181e+00       1.009138105605e-02 
       1.152332760345e+00       8.480156082461e-03 
       1.243295708729e+00       7.100893671011e-03 
       1.342095772805e+00       5.932221482089e-03 
       1.449029203296e+00       4.948153547749e-03 
       1.564586374602e+00       4.122270266614e-03 
       1.689391516011e+00       3.430498727379e-03 
       1.824160856865e+00       2.851930900136e-03 
       1.969683202239e+00       2.368633162527e-03 
       2.126814942975e+00       1.965393323367e-03 
       2.296481943529e+00       1.629316909643e-03 
       2.479684162707e+00       1.349537814404e-03 
       2.677501369259e+00       1.116842680378e-03 
       2.891099475621e+00       9.235192284852e-04 
       3.121737405595e+00       7.630497005790e-04 
       3.370774513870e+00       6.299771118804e-04 
       3.639678597884e+00       5.197252753374e-04 
       3.930034548851e+00       4.284582335274e-04 
       4.243553692939e+00       3.529694525751e-04 
       4.582083877640e+00       2.905877885918e-04 
       4.947620362778e+00       2.390723891856e-04 
       5.342317580354e+00       1.965638623415e-04 
       5.768501832533e+00       1.615115509853e-04 
       6.228685002611e+00       1.326307902720e-04 
       6.725579359783e+00       1.088507218421e-04 
       7.262113544958e+00       8.928399415669e-05 
       7.841449831849e+00       7.319366971441e-05 
       8.467002765069e+00       5.997097009410e-05 
       9.142459285082e+00       4.911143942590e-05 
       9.871800458624e+00       4.019801628169e-05 
       1.065932494268e+01       3.288601168112e-05 
       1.150967432028e+01       2.689111716606e-05 
       1.242786045752e+01       2.197869644711e-05 
       1.341929504291e+01       1.795553425289e-05 
       1.448982148328e+01       1.466231902316e-05 
       1.564574934421e+01       1.196793726469e-05 
       1.689389153788e+01       9.764459817272e-06 
       1.824160447766e+01       7.963479166136e-06 
       1.969683143598e+01       6.492001508040e-06 
       2.126814936113e+01       5.290368385735e-06 
       2.296481942883e+01       4.309503885364e-06 
       2.479684162659e+01       3.509162850956e-06 
       2.677501369256e+01       2.856432378532e-06 
       2.891099475621e+01       2.324242688703e-06 
       3.121737405595e+01       1.890554971074e-06 
       3.370774513870e+01       1.537269653710e-06 
       3.639678597884e+01       1.249548843624e-06 
       3.930034548851e+01       1.015348897022e-06 
       4.243553692939e+01       8.247711847742e-07 
       4.582083877640e+01       6.697431833286e-07 
       4.947620362778e+01       5.436817844698e-07 
       5.342317580354e+01       4.412000500516e-07 
