# Matter power spectrum P(k) at redshift z=99
# for k=1.04206e-05 to 53.4232 h/Mpc,
# number of wavenumbers equal to 243
#    1:k (h/Mpc)              2:P (Mpc/h)^3        
       1.042057218184e-05       7.036260929423e-03 
       1.125187501919e-05       7.577807674697e-03 
       1.214949517534e-05       8.161033620379e-03 
       1.311872312515e-05       8.789148142163e-03 
       1.416527139199e-05       9.465605314460e-03 
       1.529530821670e-05       1.019412588024e-02 
       1.651549391254e-05       1.097871819662e-02 
       1.783302012034e-05       1.182369464610e-02 
       1.925565219523e-05       1.273370416836e-02 
       2.079177497483e-05       1.371375238051e-02 
       2.245044219853e-05       1.476922835653e-02 
       2.424142986925e-05       1.590593818753e-02 
       2.617529387212e-05       1.713013403729e-02 
       2.826343218975e-05       1.844854685104e-02 
       3.051815208062e-05       1.986842969043e-02 
       3.295274261680e-05       2.139759139791e-02 
       3.558155300819e-05       2.304444014600e-02 
       3.842007717529e-05       2.481803397815e-02 
       4.148504506860e-05       2.672812600755e-02 
       4.479452127312e-05       2.878522064380e-02 
       4.836801147907e-05       3.100063001244e-02 
       5.222657744628e-05       3.338653470852e-02 
       5.639296113988e-05       3.595605557662e-02 
       6.089171876895e-05       3.872331949884e-02 
       6.574936551816e-05       4.170354103635e-02 
       7.099453182532e-05       4.491310311051e-02 
       7.665813212606e-05       4.836964963018e-02 
       8.277354706016e-05       5.209217843670e-02 
       8.937682021332e-05       5.610114901100e-02 
       9.650687055417e-05       6.041858990866e-02 
       1.042057218184e-04       6.506822426545e-02 
       1.125187501919e-04       7.007559021792e-02 
       1.214949517534e-04       7.546819264300e-02 
       1.311872312515e-04       8.127563721473e-02 
       1.416527139199e-04       8.752980291639e-02 
       1.529530821670e-04       9.426500750813e-02 
       1.651549391254e-04       1.015181935262e-01 
       1.783302012034e-04       1.093291280194e-01 
       1.925565219523e-04       1.177406113772e-01 
       2.079177497483e-04       1.267987049439e-01 
       2.245044219853e-04       1.365529774712e-01 
       2.424142986925e-04       1.470567586986e-01 
       2.617529387212e-04       1.583674216518e-01 
       2.826343218975e-04       1.705466741314e-01 
       3.051815208062e-04       1.836608704949e-01 
       3.295274261680e-04       1.977813491797e-01 
       3.558155300819e-04       2.129847782553e-01 
       3.842007717529e-04       2.293535305430e-01 
       4.148504506860e-04       2.469760655680e-01 
       4.479452127312e-04       2.659473415026e-01 
       4.836801147907e-04       2.863692323904e-01 
       5.222657744628e-04       3.083509591935e-01 
       5.639296113988e-04       3.320095401217e-01 
       6.089171876895e-04       3.574702177477e-01 
       6.574936551816e-04       3.848669203745e-01 
       7.099453182532e-04       4.143426641713e-01 
       7.665813212606e-04       4.460499662636e-01 
       8.277354706016e-04       4.801511870540e-01 
       8.937682021332e-04       5.168188240266e-01 
       9.650687055417e-04       5.562356987906e-01 
       1.042057218184e-03       5.985950254494e-01 
       1.125187501919e-03       6.441003044479e-01 
       1.214949517534e-03       6.929649990761e-01 
       1.311872312515e-03       7.454119173505e-01 
       1.416527139199e-03       8.016805663163e-01 
       1.529530821670e-03       8.620070327583e-01 
       1.651549391254e-03       9.266333534576e-01 
       1.783302012034e-03       9.958058761173e-01 
       1.925565219523e-03       1.069769906526e+00 
       2.079177497483e-03       1.148765179434e+00 
       2.245044219853e-03       1.233020202429e+00 
       2.424142986925e-03       1.322745166203e+00 
       2.617529387212e-03       1.418123334395e+00 
       2.826343218975e-03       1.519300754194e+00 
       3.051815208062e-03       1.626374120666e+00 
       3.295274261680e-03       1.739376799152e+00 
       3.558155300819e-03       1.858263553977e+00 
       3.842007717529e-03       1.982892997528e+00 
       4.148504506860e-03       2.113010517658e+00 
       4.479452127312e-03       2.248230592403e+00 
       4.836801147907e-03       2.388020500034e+00 
       5.222657744628e-03       2.531687171790e+00 
       5.639296113988e-03       2.678368271570e+00 
       6.089171876895e-03       2.827032408326e+00 
       6.574936551816e-03       2.976481703924e+00 
       7.099453182532e-03       3.125365318823e+00 
       7.665813212606e-03       3.272196174787e+00 
       8.277354706016e-03       3.415370825824e+00 
       8.937682021332e-03       3.553181363234e+00 
       9.650687055417e-03       3.683816999209e+00 
       1.042057218184e-02       3.805351029788e+00 
       1.125187501919e-02       3.915703645239e+00 
       1.214949517534e-02       4.012614576245e+00 
       1.311872312515e-02       4.093620158442e+00 
       1.416527139199e-02       4.156089567613e+00 
       1.529530821666e-02       4.197321299440e+00 
       1.651549391176e-02       4.214691679978e+00 
       1.783302010906e-02       4.205838173758e+00 
       1.925565206518e-02       4.168830335486e+00 
       2.079177376287e-02       4.102324964982e+00 
       2.245043293693e-02       4.005780440696e+00 
       2.424137103356e-02       3.879731732332e+00 
       2.617497906706e-02       3.726109005170e+00 
       2.826199580119e-02       3.548473102831e+00 
       3.051249938375e-02       3.352158711698e+00 
       3.293336996262e-02       3.144354479753e+00 
       3.552331487266e-02       2.933975100581e+00 
       3.826582157228e-02       2.731057706884e+00 
       4.112404724473e-02       2.545237159911e+00 
       4.404493044138e-02       2.383526435936e+00 
       4.697466957067e-02       2.248567787604e+00 
       4.987520971806e-02       2.138753694704e+00 
       5.272987739079e-02       2.049721729204e+00 
       5.553868476799e-02       1.976112464374e+00 
       5.831086443783e-02       1.912771778291e+00 
       6.105929318352e-02       1.855172634002e+00 
       6.379744399755e-02       1.799542255147e+00 
       6.653804689347e-02       1.742904518351e+00 
       6.929265033370e-02       1.683094161013e+00 
       7.207159151451e-02       1.618769731406e+00 
       7.488412589325e-02       1.549403857447e+00 
       7.773860159413e-02       1.475269203800e+00 
       8.064263092727e-02       1.397360335058e+00 
       8.360324183574e-02       1.317276466077e+00 
       8.662700531640e-02       1.237047561621e+00 
       8.972014012085e-02       1.158905636395e+00 
       9.288859777810e-02       1.085056983359e+00 
       9.613813123925e-02       1.017439897755e+00 
       9.947435014200e-02       9.575145927415e-01 
       1.029027652301e-01       9.061077947221e-01 
       1.064288240027e-01       8.633041403380e-01 
       1.100579392682e-01       8.284149203091e-01 
       1.137955119551e-01       8.000013957830e-01 
       1.176469492760e-01       7.759704597929e-01 
       1.216176791504e-01       7.537826380137e-01 
       1.257131616481e-01       7.307742485908e-01 
       1.299388981110e-01       7.046091380271e-01 
       1.343004385401e-01       6.737632806382e-01 
       1.388033877828e-01       6.379233055761e-01 
       1.434534110299e-01       5.981263386153e-01 
       1.482562391095e-01       5.565585883506e-01 
       1.532176740608e-01       5.160287398280e-01 
       1.583435954687e-01       4.792813721881e-01 
       1.636399680441e-01       4.482884029762e-01 
       1.691128509406e-01       4.237669167318e-01 
       1.747684093051e-01       4.049967970192e-01 
       1.806129285724e-01       3.899873697109e-01 
       1.866528320180e-01       3.761636190855e-01 
       1.928947021034e-01       3.607171444044e-01 
       1.993453061587e-01       3.419190984714e-01 
       2.060116269760e-01       3.199352441857e-01 
       2.129008989175e-01       2.966484101569e-01 
       2.200206501922e-01       2.745750635483e-01 
       2.273787520223e-01       2.556973145086e-01 
       2.349834755150e-01       2.408118847392e-01 
       2.428435571828e-01       2.292066436291e-01 
       2.509682742266e-01       2.189138999377e-01 
       2.593675309230e-01       2.078828399292e-01 
       2.680519577530e-01       1.951957434593e-01 
       2.770330252880e-01       1.814321143230e-01 
       2.863231753450e-01       1.682468369273e-01 
       2.959359725497e-01       1.570847829287e-01 
       3.058862802544e-01       1.480300777715e-01 
       3.161904657924e-01       1.400522011285e-01 
       3.268666413804e-01       1.318842415527e-01 
       3.379349486994e-01       1.230785242408e-01 
       3.494178974139e-01       1.143255226064e-01 
       3.613407708034e-01       1.064990224346e-01 
       3.737321155121e-01       9.981067346703e-02 
       3.866243374979e-01       9.360195103091e-02 
       4.000544330338e-01       8.732749788598e-02 
       4.140648927098e-01       8.108288270438e-02 
       4.287048286841e-01       7.533064876535e-02 
       4.440313921574e-01       7.015103951994e-02 
       4.601115708827e-01       6.524358241998e-02 
       4.770244877639e-01       6.040999480707e-02 
       4.948643642554e-01       5.582875142278e-02 
       5.137443700216e-01       5.161614590658e-02 
       5.338016569706e-01       4.758293498015e-02 
       5.552039733995e-01       4.369953568114e-02 
       5.781583676391e-01       4.005155528995e-02 
       6.029225951850e-01       3.657523503916e-02 
       6.298198626618e-01       3.324339706514e-02 
       6.592572812968e-01       3.007939428276e-02 
       6.917474167662e-01       2.704734292976e-02 
       7.279297175260e-01       2.415698207289e-02 
       7.685829637218e-01       2.139674365411e-02 
       8.146102292538e-01       1.877733376760e-02 
       8.669680480455e-01       1.631119780666e-02 
       9.265193831693e-01       1.402323458550e-02 
       9.938458886090e-01       1.194200657297e-02 
       1.069144954181e+00       1.009123225060e-02 
       1.152332760345e+00       8.480012134285e-03 
       1.243295708729e+00       7.100751476904e-03 
       1.342095772805e+00       5.932082814853e-03 
       1.449029203296e+00       4.948016906088e-03 
       1.564586374602e+00       4.122141288294e-03 
       1.689391516011e+00       3.430364297881e-03 
       1.824160856865e+00       2.851797082382e-03 
       1.969683202239e+00       2.368501116394e-03 
       2.126814942975e+00       1.965261718670e-03 
       2.296481943529e+00       1.629187077997e-03 
       2.479684162707e+00       1.349408231065e-03 
       2.677501369259e+00       1.116714934423e-03 
       2.891099475621e+00       9.233924222156e-04 
       3.121737405595e+00       7.629242887999e-04 
       3.370774513870e+00       6.298530685095e-04 
       3.639678597884e+00       5.196029831375e-04 
       3.930034548851e+00       4.283371534937e-04 
       4.243553692939e+00       3.528501942175e-04 
       4.582083877640e+00       2.904704785616e-04 
       4.947620362778e+00       2.389564744406e-04 
       5.342317580354e+00       1.964501650117e-04 
       5.768501832533e+00       1.613999882294e-04 
       6.228685002611e+00       1.325212122144e-04 
       6.725579359783e+00       1.087431114568e-04 
       7.262113544958e+00       8.917853864018e-05 
       7.841449831849e+00       7.309039743526e-05 
       8.467002765069e+00       5.986989200504e-05 
       9.142459285082e+00       4.901258864316e-05 
       9.871800458624e+00       4.010163801857e-05 
       1.065932494268e+01       3.279194646224e-05 
       1.150967432028e+01       2.679904352542e-05 
       1.242786045752e+01       2.188890562326e-05 
       1.341929504291e+01       1.786835866693e-05 
       1.448982148328e+01       1.457726205389e-05 
       1.564574934421e+01       1.188514231909e-05 
       1.689389153788e+01       9.683952134991e-06 
       1.824160447766e+01       7.885212882269e-06 
       1.969683143598e+01       6.416044348825e-06 
       2.126814936113e+01       5.216636222715e-06 
       2.296481942883e+01       4.238015114157e-06 
       2.479684162659e+01       3.439939313478e-06 
       2.677501369256e+01       2.789390478763e-06 
       2.891099475621e+01       2.259394549854e-06 
       3.121737405595e+01       1.827881770448e-06 
       3.370774513870e+01       1.476728421959e-06 
       3.639678597884e+01       1.191163117615e-06 
       3.930034548851e+01       9.590881011396e-07 
       4.243553692939e+01       7.706138017594e-07 
       4.582083877640e+01       6.176875461115e-07 
       4.947620362778e+01       4.937118221570e-07 
       5.342317580354e+01       3.933121742592e-07 
