# Matter power spectrum P(k) at redshift z=99
# for k=1.04206e-05 to 53.4232 h/Mpc,
# number of wavenumbers equal to 243
#    1:k (h/Mpc)              2:P (Mpc/h)^3        
       1.042057218184e-05       7.036261084927e-03 
       1.125187501919e-05       7.577807841990e-03 
       1.214949517534e-05       8.161033800596e-03 
       1.311872312515e-05       8.789148336371e-03 
       1.416527139199e-05       9.465605523202e-03 
       1.529530821670e-05       1.019412610523e-02 
       1.651549391254e-05       1.097871843882e-02 
       1.783302012034e-05       1.182369490684e-02 
       1.925565219523e-05       1.273370444908e-02 
       2.079177497483e-05       1.371375268342e-02 
       2.245044219853e-05       1.476922868204e-02 
       2.424142986925e-05       1.590593853791e-02 
       2.617529387212e-05       1.713013441435e-02 
       2.826343218975e-05       1.844854725782e-02 
       3.051815208062e-05       1.986843012854e-02 
       3.295274261680e-05       2.139759187096e-02 
       3.558155300819e-05       2.304444066090e-02 
       3.842007717529e-05       2.481803452624e-02 
       4.148504506860e-05       2.672812659071e-02 
       4.479452127312e-05       2.878522127625e-02 
       4.836801147907e-05       3.100063069973e-02 
       5.222657744628e-05       3.338653543745e-02 
       5.639296113988e-05       3.595605637924e-02 
       6.089171876895e-05       3.872332034234e-02 
       6.574936551816e-05       4.170354196101e-02 
       7.099453182532e-05       4.491310419508e-02 
       7.665813212606e-05       4.836965069535e-02 
       8.277354706016e-05       5.209217960175e-02 
       8.937682021332e-05       5.610115026130e-02 
       9.650687055417e-05       6.041859124282e-02 
       1.042057218184e-04       6.506822569707e-02 
       1.125187501919e-04       7.007559177520e-02 
       1.214949517534e-04       7.546819421204e-02 
       1.311872312515e-04       8.127563898857e-02 
       1.416527139199e-04       8.752980483627e-02 
       1.529530821670e-04       9.426500957360e-02 
       1.651549391254e-04       1.015181957555e-01 
       1.783302012034e-04       1.093291304174e-01 
       1.925565219523e-04       1.177406139424e-01 
       2.079177497483e-04       1.267987077196e-01 
       2.245044219853e-04       1.365529804431e-01 
       2.424142986925e-04       1.470567618911e-01 
       2.617529387212e-04       1.583674251039e-01 
       2.826343218975e-04       1.705466778207e-01 
       3.051815208062e-04       1.836608744571e-01 
       3.295274261680e-04       1.977813534256e-01 
       3.558155300819e-04       2.129847828048e-01 
       3.842007717529e-04       2.293535354154e-01 
       4.148504506860e-04       2.469760707787e-01 
       4.479452127312e-04       2.659473470725e-01 
       4.836801147907e-04       2.863692383315e-01 
       5.222657744628e-04       3.083509655280e-01 
       5.639296113988e-04       3.320095468547e-01 
       6.089171876895e-04       3.574702248899e-01 
       6.574936551816e-04       3.848669279299e-01 
       7.099453182532e-04       4.143426721339e-01 
       7.665813212606e-04       4.460499746212e-01 
       8.277354706016e-04       4.801511957783e-01 
       8.937682021332e-04       5.168188330717e-01 
       9.650687055417e-04       5.562357080946e-01 
       1.042057218184e-03       5.985950349127e-01 
       1.125187501919e-03       6.441003139315e-01 
       1.214949517534e-03       6.929650083927e-01 
       1.311872312515e-03       7.454119262447e-01 
       1.416527139199e-03       8.016805746160e-01 
       1.529530821670e-03       8.620070398959e-01 
       1.651549391254e-03       9.266333585871e-01 
       1.783302012034e-03       9.958058781317e-01 
       1.925565219523e-03       1.069769903955e+00 
       2.079177497483e-03       1.148765170331e+00 
       2.245044219853e-03       1.233020183164e+00 
       2.424142986925e-03       1.322745135446e+00 
       2.617529387212e-03       1.418123286454e+00 
       2.826343218975e-03       1.519300683069e+00 
       3.051815208062e-03       1.626374025803e+00 
       3.295274261680e-03       1.739376602894e+00 
       3.558155300819e-03       1.858263366100e+00 
       3.842007717529e-03       1.982892757538e+00 
       4.148504506860e-03       2.113010270687e+00 
       4.479452127312e-03       2.248230107769e+00 
       4.836801147907e-03       2.388019845298e+00 
       5.222657744628e-03       2.531686472236e+00 
       5.639296113988e-03       2.678367088637e+00 
       6.089171876895e-03       2.827030978939e+00 
       6.574936551816e-03       2.976479702104e+00 
       7.099453182532e-03       3.125362337788e+00 
       7.665813212606e-03       3.272192292080e+00 
       8.277354706016e-03       3.415364816847e+00 
       8.937682021332e-03       3.553173416609e+00 
       9.650687055417e-03       3.683806377503e+00 
       1.042057218184e-02       3.805336926281e+00 
       1.125187501919e-02       3.915686453144e+00 
       1.214949517534e-02       4.012590391445e+00 
       1.311872312515e-02       4.093588260728e+00 
       1.416527139199e-02       4.156048767840e+00 
       1.529530821666e-02       4.197267105214e+00 
       1.651549391176e-02       4.214621569593e+00 
       1.783302010906e-02       4.205748708685e+00 
       1.925565206518e-02       4.168714931601e+00 
       2.079177376287e-02       4.102178500704e+00 
       2.245043293693e-02       4.005595121567e+00 
       2.424137103356e-02       3.879495450008e+00 
       2.617497906706e-02       3.725821064516e+00 
       2.826199580119e-02       3.548122864258e+00 
       3.051249938375e-02       3.351726198448e+00 
       3.293336996262e-02       3.143830291992e+00 
       3.552331487266e-02       2.933353209119e+00 
       3.826582157228e-02       2.730320366826e+00 
       4.112404724473e-02       2.544380453570e+00 
       4.404493044138e-02       2.382541360605e+00 
       4.697466957067e-02       2.247452780543e+00 
       4.987520971806e-02       2.137509869778e+00 
       5.272987739079e-02       2.048365421452e+00 
       5.553868476799e-02       1.974636711722e+00 
       5.831086443783e-02       1.911183283321e+00 
       6.105929318352e-02       1.853482474755e+00 
       6.379744399755e-02       1.797755531156e+00 
       6.653804689347e-02       1.741031488855e+00 
       6.929265033370e-02       1.681144575823e+00 
       7.207159151451e-02       1.616751032887e+00 
       7.488412589325e-02       1.547325197028e+00 
       7.773860159413e-02       1.473136825482e+00 
       8.064263092727e-02       1.395184001608e+00 
       8.360324183574e-02       1.315062425611e+00 
       8.662700531640e-02       1.234794785750e+00 
       8.972014012085e-02       1.156616369730e+00 
       9.288859777810e-02       1.082730059639e+00 
       9.613813123925e-02       1.015071389887e+00 
       9.947435014200e-02       9.551012901726e-01 
       1.029027652301e-01       9.036346344009e-01 
       1.064288240027e-01       8.607659263881e-01 
       1.100579392682e-01       8.258058649767e-01 
       1.137955119551e-01       7.973139369534e-01 
       1.176469492760e-01       7.732045427483e-01 
       1.216176791504e-01       7.509398113209e-01 
       1.257131616481e-01       7.278646867924e-01 
       1.299388981110e-01       7.016450911530e-01 
       1.343004385401e-01       6.707619234813e-01 
       1.388033877828e-01       6.349040782464e-01 
       1.434534110299e-01       5.951037034030e-01 
       1.482562391095e-01       5.535438875323e-01 
       1.532176740608e-01       5.130235374104e-01 
       1.583435954687e-01       4.762789073871e-01 
       1.636399680441e-01       4.452742259832e-01 
       1.691128509406e-01       4.207240853750e-01 
       1.747684093051e-01       4.019097083985e-01 
       1.806129285724e-01       3.868484144395e-01 
       1.866528320180e-01       3.729725675054e-01 
       1.928947021034e-01       3.574909437652e-01 
       1.993453061587e-01       3.386840311903e-01 
       2.060116269760e-01       3.167161715750e-01 
       2.129008989175e-01       2.934611192545e-01 
       2.200206501922e-01       2.714150598560e-01 
       2.273787520223e-01       2.525522468307e-01 
       2.349834755150e-01       2.376632363023e-01 
       2.428435571828e-01       2.260397279023e-01 
       2.509682742266e-01       2.157242498244e-01 
       2.593675309230e-01       2.046877798068e-01 
       2.680519577530e-01       1.920179472224e-01 
       2.770330252880e-01       1.782880845551e-01 
       2.863231753450e-01       1.651374989625e-01 
       2.959359725497e-01       1.539976797983e-01 
       3.058862802544e-01       1.449510974189e-01 
       3.161904657924e-01       1.369776022195e-01 
       3.268666413804e-01       1.288243866989e-01 
       3.379349486994e-01       1.200493581762e-01 
       3.494178974139e-01       1.113335050579e-01 
       3.613407708034e-01       1.035386820023e-01 
       3.737321155121e-01       9.687334698455e-02 
       3.866243374979e-01       9.068785285740e-02 
       4.000544330338e-01       8.444551578683e-02 
       4.140648927098e-01       7.823994670084e-02 
       4.287048286841e-01       7.252525900983e-02 
       4.440313921574e-01       6.737967155630e-02 
       4.601115708827e-01       6.250805376144e-02 
       4.770244877639e-01       5.771644877613e-02 
       4.948643642554e-01       5.317888728291e-02 
       5.137443700216e-01       4.900848141066e-02 
       5.338016569706e-01       4.502055438754e-02 
       5.552039733995e-01       4.118630526333e-02 
       5.781583676391e-01       3.758808537149e-02 
       6.029225951850e-01       3.416445130040e-02 
       6.298198626618e-01       3.088898006848e-02 
       6.592572812968e-01       2.778394976555e-02 
       6.917474167662e-01       2.481497491725e-02 
       7.279297175260e-01       2.199188762903e-02 
       7.685829637218e-01       1.930400316441e-02 
       8.146102292538e-01       1.676230855842e-02 
       8.669680480455e-01       1.437957658970e-02 
       9.265193831693e-01       1.218030650140e-02 
       9.938458886090e-01       1.019237397677e-02 
       1.069144954181e+00       8.437840375065e-03 
       1.152332760345e+00       6.924142885800e-03 
       1.243295708729e+00       5.642056987976e-03 
       1.342095772805e+00       4.569392049050e-03 
       1.449029203296e+00       3.679307642298e-03 
       1.564586374602e+00       2.945014236416e-03 
       1.689391516011e+00       2.342119365879e-03 
       1.824160856865e+00       1.849506819664e-03 
       1.969683202239e+00       1.449059794556e-03 
       2.126814942975e+00       1.125351753935e-03 
       2.296481943529e+00       8.653693574503e-04 
       2.479684162707e+00       6.580665848562e-04 
       2.677501369259e+00       4.941383306256e-04 
       2.891099475621e+00       3.657267946520e-04 
       3.121737405595e+00       2.662315103084e-04 
       3.370774513870e+00       1.901069317505e-04 
       3.639678597884e+00       1.327293677118e-04 
       3.930034548851e+00       9.022821074447e-05 
       4.243553692939e+00       5.939610230653e-05 
       4.582083877640e+00       3.758578647557e-05 
       4.947620362778e+00       2.262581955047e-05 
       5.342317580354e+00       1.275521499999e-05 
       5.768501832533e+00       6.566769440944e-06 
       6.228685002611e+00       2.948898174195e-06 
       6.725579359783e+00       1.046141181058e-06 
       7.262113544958e+00       2.177021398436e-07 
       7.841449831849e+00       1.286426878692e-09 
       8.467002765069e+00       8.028055271838e-08 
       9.142459285082e+00       2.537652768638e-07 
       9.871800458624e+00       4.085313215832e-07 
       1.065932494268e+01       4.946383479176e-07 
       1.150967432028e+01       5.037179134599e-07 
       1.242786045752e+01       4.513634268873e-07 
       1.341929504291e+01       3.624291440661e-07 
       1.448982148328e+01       2.622618489963e-07 
       1.564574934421e+01       1.701973244567e-07 
       1.689389153788e+01       9.752087544121e-08 
       1.824160447766e+01       4.772771868385e-08 
       1.969683143598e+01       1.867963591023e-08 
       2.126814936113e+01       4.889209012772e-09 
       2.296481942883e+01       3.903990113534e-10 
       2.479684162659e+01       1.989429600748e-10 
       2.677501369256e+01       1.113059203571e-09 
       2.891099475621e+01       1.656046944736e-09 
       3.121737405595e+01       1.547411847251e-09 
       3.370774513870e+01       1.061611119014e-09 
       3.639678597884e+01       5.488586304061e-10 
       3.930034548851e+01       2.021982390625e-10 
       4.243553692939e+01       4.320476101648e-11 
       4.582083877640e+01       1.421570104201e-12 
       4.947620362778e+01       3.322666806259e-12 
       5.342317580354e+01       8.434237331165e-12 
