# Matter power spectrum P(k) at redshift z=99
# for k=1.04206e-05 to 53.4232 h/Mpc,
# number of wavenumbers equal to 243
#    1:k (h/Mpc)              2:P (Mpc/h)^3        
       1.042057218184e-05       7.036260956034e-03 
       1.125187501919e-05       7.577807703327e-03 
       1.214949517534e-05       8.161033651221e-03 
       1.311872312515e-05       8.789148175397e-03 
       1.416527139199e-05       9.465605350183e-03 
       1.529530821670e-05       1.019412591874e-02 
       1.651549391254e-05       1.097871823807e-02 
       1.783302012034e-05       1.182369469073e-02 
       1.925565219523e-05       1.273370421640e-02 
       2.079177497483e-05       1.371375243235e-02 
       2.245044219853e-05       1.476922841224e-02 
       2.424142986925e-05       1.590593824750e-02 
       2.617529387212e-05       1.713013410183e-02 
       2.826343218975e-05       1.844854692066e-02 
       3.051815208062e-05       1.986842976541e-02 
       3.295274261680e-05       2.139759147842e-02 
       3.558155300819e-05       2.304444023422e-02 
       3.842007717529e-05       2.481803407158e-02 
       4.148504506860e-05       2.672812610745e-02 
       4.479452127312e-05       2.878522075209e-02 
       4.836801147907e-05       3.100063013154e-02 
       5.222657744628e-05       3.338653483336e-02 
       5.639296113988e-05       3.595605571426e-02 
       6.089171876895e-05       3.872331964417e-02 
       6.574936551816e-05       4.170354119490e-02 
       7.099453182532e-05       4.491310328621e-02 
       7.665813212606e-05       4.836964981252e-02 
       8.277354706016e-05       5.209217863665e-02 
       8.937682021332e-05       5.610114922511e-02 
       9.650687055417e-05       6.041859013782e-02 
       1.042057218184e-04       6.506822451045e-02 
       1.125187501919e-04       7.007559048276e-02 
       1.214949517534e-04       7.546819292726e-02 
       1.311872312515e-04       8.127563752101e-02 
       1.416527139199e-04       8.752980324453e-02 
       1.529530821670e-04       9.426500786160e-02 
       1.651549391254e-04       1.015181939079e-01 
       1.783302012034e-04       1.093291284284e-01 
       1.925565219523e-04       1.177406118161e-01 
       2.079177497483e-04       1.267987054194e-01 
       2.245044219853e-04       1.365529779797e-01 
       2.424142986925e-04       1.470567592444e-01 
       2.617529387212e-04       1.583674222431e-01 
       2.826343218975e-04       1.705466747628e-01 
       3.051815208062e-04       1.836608711760e-01 
       3.295274261680e-04       1.977813499063e-01 
       3.558155300819e-04       2.129847790338e-01 
       3.842007717529e-04       2.293535313767e-01 
       4.148504506860e-04       2.469760664596e-01 
       4.479452127312e-04       2.659473424557e-01 
       4.836801147907e-04       2.863692334070e-01 
       5.222657744628e-04       3.083509602773e-01 
       5.639296113988e-04       3.320095412737e-01 
       6.089171876895e-04       3.574702189696e-01 
       6.574936551816e-04       3.848669216670e-01 
       7.099453182532e-04       4.143426655334e-01 
       7.665813212606e-04       4.460499676931e-01 
       8.277354706016e-04       4.801511885460e-01 
       8.937682021332e-04       5.168188255732e-01 
       9.650687055417e-04       5.562357003813e-01 
       1.042057218184e-03       5.985950270666e-01 
       1.125187501919e-03       6.441003060683e-01 
       1.214949517534e-03       6.929650006651e-01 
       1.311872312515e-03       7.454119188680e-01 
       1.416527139199e-03       8.016805677322e-01 
       1.529530821670e-03       8.620070339735e-01 
       1.651549391254e-03       9.266333543243e-01 
       1.783302012034e-03       9.958058764412e-01 
       1.925565219523e-03       1.069769906049e+00 
       2.079177497483e-03       1.148765177811e+00 
       2.245044219853e-03       1.233020199205e+00 
       2.424142986925e-03       1.322745160766e+00 
       2.617529387212e-03       1.418123325864e+00 
       2.826343218975e-03       1.519300741646e+00 
       3.051815208062e-03       1.626374102503e+00 
       3.295274261680e-03       1.739376773489e+00 
       3.558155300819e-03       1.858263518033e+00 
       3.842007717529e-03       1.982892991198e+00 
       4.148504506860e-03       2.113010489533e+00 
       4.479452127312e-03       2.248230541236e+00 
       4.836801147907e-03       2.388020401914e+00 
       5.222657744628e-03       2.531687212176e+00 
       5.639296113988e-03       2.678368112849e+00 
       6.089171876895e-03       2.827032398022e+00 
       6.574936551816e-03       2.976481679144e+00 
       7.099453182532e-03       3.125364997909e+00 
       7.665813212606e-03       3.272195869917e+00 
       8.277354706016e-03       3.415369620708e+00 
       8.937682021332e-03       3.553179568021e+00 
       9.650687055417e-03       3.683814949536e+00 
       1.042057218184e-02       3.805348444552e+00 
       1.125187501919e-02       3.915700315023e+00 
       1.214949517534e-02       4.012610093772e+00 
       1.311872312515e-02       4.093614282481e+00 
       1.416527139199e-02       4.156081858816e+00 
       1.529530821666e-02       4.197310528271e+00 
       1.651549391176e-02       4.214678611616e+00 
       1.783302010906e-02       4.205821323111e+00 
       1.925565206518e-02       4.168808659051e+00 
       2.079177376287e-02       4.102294091153e+00 
       2.245043293693e-02       4.005745499175e+00 
       2.424137103356e-02       3.879687478231e+00 
       2.617497906706e-02       3.726054420335e+00 
       2.826199580119e-02       3.548405624952e+00 
       3.051249938375e-02       3.352084460402e+00 
       3.293336996262e-02       3.144256530112e+00 
       3.552331487266e-02       2.933855978008e+00 
       3.826582157228e-02       2.730915870478e+00 
       4.112404724473e-02       2.545069126783e+00 
       4.404493044138e-02       2.383334659748e+00 
       4.697466957067e-02       2.248351151648e+00 
       4.987520971806e-02       2.138505356953e+00 
       5.272987739079e-02       2.049459262756e+00 
       5.553868476799e-02       1.975821576600e+00 
       5.831086443783e-02       1.912457391745e+00 
       6.105929318352e-02       1.854836604594e+00 
       6.379744399755e-02       1.799184307347e+00 
       6.653804689347e-02       1.742528502265e+00 
       6.929265033370e-02       1.682700746451e+00 
       7.207159151451e-02       1.618358422667e+00 
       7.488412589325e-02       1.548979206786e+00 
       7.773860159413e-02       1.474830828716e+00 
       8.064263092727e-02       1.396909904592e+00 
       8.360324183574e-02       1.316818330969e+00 
       8.662700531640e-02       1.236573499009e+00 
       8.972014012085e-02       1.158420272740e+00 
       9.288859777810e-02       1.084560713790e+00 
       9.613813123925e-02       1.016931760417e+00 
       9.947435014200e-02       9.569926214417e-01 
       1.029027652301e-01       9.055705549349e-01 
       1.064288240027e-01       8.627497089925e-01 
       1.100579392682e-01       8.278414208299e-01 
       1.137955119551e-01       7.994067163324e-01 
       1.176469492760e-01       7.753565231740e-01 
       1.216176791504e-01       7.531480218558e-01 
       1.257131616481e-01       7.301210151947e-01 
       1.299388981110e-01       7.039386036346e-01 
       1.343004385401e-01       6.730793045227e-01 
       1.388033877828e-01       6.372293479411e-01 
       1.434534110299e-01       5.974263491025e-01 
       1.482562391095e-01       5.558555001296e-01 
       1.532176740608e-01       5.153222177340e-01 
       1.583435954687e-01       4.785696476121e-01 
       1.636399680441e-01       4.475682580845e-01 
       1.691128509406e-01       4.230348044828e-01 
       1.747684093051e-01       4.042489888029e-01 
       1.806129285724e-01       3.892218034943e-01 
       1.866528320180e-01       3.753767726581e-01 
       1.928947021034e-01       3.599131414007e-01 
       1.993453061587e-01       3.411077214736e-01 
       2.060116269760e-01       3.191218478178e-01 
       2.129008989175e-01       2.958375210333e-01 
       2.200206501922e-01       2.737642543982e-01 
       2.273787520223e-01       2.548826419331e-01 
       2.349834755150e-01       2.399892392617e-01 
       2.428435571828e-01       2.283719795723e-01 
       2.509682742266e-01       2.180644989838e-01 
       2.593675309230e-01       2.070245439370e-01 
       2.680519577530e-01       1.943352786488e-01 
       2.770330252880e-01       1.805729334644e-01 
       2.863231753450e-01       1.673890657907e-01 
       2.959359725497e-01       1.562246984083e-01 
       3.058862802544e-01       1.471639452873e-01 
       3.161904657924e-01       1.391791772624e-01 
       3.268666413804e-01       1.310066658662e-01 
       3.379349486994e-01       1.222009764339e-01 
       3.494178974139e-01       1.134498392998e-01 
       3.613407708034e-01       1.056233379547e-01 
       3.737321155121e-01       9.893287211896e-02 
       3.866243374979e-01       9.272162818618e-02 
       4.000544330338e-01       8.644747256633e-02 
       4.140648927098e-01       8.020503831866e-02 
       4.287048286841e-01       7.445456561033e-02 
       4.440313921574e-01       6.927562339253e-02 
       4.601115708827e-01       6.436932465848e-02 
       4.770244877639e-01       5.953874320669e-02 
       4.948643642554e-01       5.496100727805e-02 
       5.137443700216e-01       5.075130978549e-02 
       5.338016569706e-01       4.672193832616e-02 
       5.552039733995e-01       4.284361026252e-02 
       5.781583676391e-01       3.920059847691e-02 
       6.029225951850e-01       3.573007770764e-02 
       6.298198626618e-01       3.240514876024e-02 
       6.592572812968e-01       2.924863674148e-02 
       6.917474167662e-01       2.622512002499e-02 
       7.279297175260e-01       2.334450838634e-02 
       7.685829637218e-01       2.059538188174e-02 
       8.146102292538e-01       1.798874861179e-02 
       8.669680480455e-01       1.553707170310e-02 
       9.265193831693e-01       1.326546563750e-02 
       9.938458886090e-01       1.120263770092e-02 
       1.069144954181e+00       9.371887093629e-03 
       1.152332760345e+00       7.782281683067e-03 
       1.243295708729e+00       6.425874608355e-03 
       1.342095772805e+00       5.281181248197e-03 
       1.449029203296e+00       4.321968279842e-03 
       1.564586374602e+00       3.521733493258e-03 
       1.689391516011e+00       2.856333425262e-03 
       1.824160856865e+00       2.304743535721e-03 
       1.969683202239e+00       1.848983202852e-03 
       2.126814942975e+00       1.473718924427e-03 
       2.296481943529e+00       1.165966637005e-03 
       2.479684162707e+00       9.147800720690e-04 
       2.677501369259e+00       7.108082644867e-04 
       2.891099475621e+00       5.462363205098e-04 
       3.121737405595e+00       4.144112311308e-04 
       3.370774513870e+00       3.097276194700e-04 
       3.639678597884e+00       2.274509908613e-04 
       3.930034548851e+00       1.635844810435e-04 
       4.243553692939e+00       1.147404134407e-04 
       4.582083877640e+00       7.806488223474e-05 
       4.947620362778e+00       5.113997056679e-05 
       5.342317580354e+00       3.192041880017e-05 
       5.768501832533e+00       1.869252209063e-05 
       6.228685002611e+00       1.001401306132e-05 
       6.725579359783e+00       4.690706327153e-06 
       7.262113544958e+00       1.743474959666e-06 
       7.841449831849e+00       3.848176788541e-07 
       8.467002765069e+00       3.400410365671e-09 
       9.142459285082e+00       1.403254759990e-07 
       9.871800458624e+00       4.736685028525e-07 
       1.065932494268e+01       7.985177686058e-07 
       1.150967432028e+01       1.005778440410e-06 
       1.242786045752e+01       1.060426445730e-06 
       1.341929504291e+01       9.778701886832e-07 
       1.448982148328e+01       8.021899239974e-07 
       1.564574934421e+01       5.866613294630e-07 
       1.689389153788e+01       3.785658224325e-07 
       1.824160447766e+01       2.100448417584e-07 
       1.969683143598e+01       9.481084660939e-08 
       2.126814936113e+01       3.049918249353e-08 
       2.296481942883e+01       4.351330225845e-09 
       2.479684162659e+01       1.946008960976e-10 
       2.677501369256e+01       4.158925133503e-09 
       2.891099475621e+01       7.764428732453e-09 
       3.121737405595e+01       8.085234213432e-09 
       3.370774513870e+01       5.851512289982e-09 
       3.639678597884e+01       3.025067000441e-09 
       3.930034548851e+01       1.017063057634e-09 
       4.243553692939e+01       1.457449434262e-10 
       4.582083877640e+01       2.760493603472e-12 
       4.947620362778e+01       7.495997279146e-11 
       5.342317580354e+01       1.003127771175e-10 
