# Matter power spectrum P(k) at redshift z=99
# for k=1.04206e-05 to 53.4232 h/Mpc,
# number of wavenumbers equal to 243
#    1:k (h/Mpc)              2:P (Mpc/h)^3        
       1.042057218184e-05       7.036260929423e-03 
       1.125187501919e-05       7.577807674697e-03 
       1.214949517534e-05       8.161033620379e-03 
       1.311872312515e-05       8.789148142163e-03 
       1.416527139199e-05       9.465605314460e-03 
       1.529530821670e-05       1.019412588024e-02 
       1.651549391254e-05       1.097871819662e-02 
       1.783302012034e-05       1.182369464610e-02 
       1.925565219523e-05       1.273370416836e-02 
       2.079177497483e-05       1.371375238051e-02 
       2.245044219853e-05       1.476922835653e-02 
       2.424142986925e-05       1.590593818753e-02 
       2.617529387212e-05       1.713013403729e-02 
       2.826343218975e-05       1.844854685104e-02 
       3.051815208062e-05       1.986842969043e-02 
       3.295274261680e-05       2.139759139791e-02 
       3.558155300819e-05       2.304444014600e-02 
       3.842007717529e-05       2.481803397815e-02 
       4.148504506860e-05       2.672812600755e-02 
       4.479452127312e-05       2.878522064380e-02 
       4.836801147907e-05       3.100063001244e-02 
       5.222657744628e-05       3.338653470852e-02 
       5.639296113988e-05       3.595605557662e-02 
       6.089171876895e-05       3.872331949884e-02 
       6.574936551816e-05       4.170354103635e-02 
       7.099453182532e-05       4.491310311051e-02 
       7.665813212606e-05       4.836964963018e-02 
       8.277354706016e-05       5.209217843670e-02 
       8.937682021332e-05       5.610114901100e-02 
       9.650687055417e-05       6.041858990866e-02 
       1.042057218184e-04       6.506822426545e-02 
       1.125187501919e-04       7.007559021792e-02 
       1.214949517534e-04       7.546819264300e-02 
       1.311872312515e-04       8.127563721473e-02 
       1.416527139199e-04       8.752980291639e-02 
       1.529530821670e-04       9.426500750813e-02 
       1.651549391254e-04       1.015181935262e-01 
       1.783302012034e-04       1.093291280194e-01 
       1.925565219523e-04       1.177406113772e-01 
       2.079177497483e-04       1.267987049439e-01 
       2.245044219853e-04       1.365529774712e-01 
       2.424142986925e-04       1.470567586986e-01 
       2.617529387212e-04       1.583674216518e-01 
       2.826343218975e-04       1.705466741314e-01 
       3.051815208062e-04       1.836608704949e-01 
       3.295274261680e-04       1.977813491797e-01 
       3.558155300819e-04       2.129847782553e-01 
       3.842007717529e-04       2.293535305430e-01 
       4.148504506860e-04       2.469760655680e-01 
       4.479452127312e-04       2.659473415027e-01 
       4.836801147907e-04       2.863692323904e-01 
       5.222657744628e-04       3.083509591935e-01 
       5.639296113988e-04       3.320095401218e-01 
       6.089171876895e-04       3.574702177477e-01 
       6.574936551816e-04       3.848669203746e-01 
       7.099453182532e-04       4.143426641714e-01 
       7.665813212606e-04       4.460499662637e-01 
       8.277354706016e-04       4.801511870541e-01 
       8.937682021332e-04       5.168188240267e-01 
       9.650687055417e-04       5.562356987907e-01 
       1.042057218184e-03       5.985950254495e-01 
       1.125187501919e-03       6.441003044481e-01 
       1.214949517534e-03       6.929649990765e-01 
       1.311872312515e-03       7.454119173506e-01 
       1.416527139199e-03       8.016805663169e-01 
       1.529530821670e-03       8.620070327589e-01 
       1.651549391254e-03       9.266333534584e-01 
       1.783302012034e-03       9.958058761183e-01 
       1.925565219523e-03       1.069769906535e+00 
       2.079177497483e-03       1.148765179429e+00 
       2.245044219853e-03       1.233020202431e+00 
       2.424142986925e-03       1.322745166491e+00 
       2.617529387212e-03       1.418123334328e+00 
       2.826343218975e-03       1.519300754197e+00 
       3.051815208062e-03       1.626374120670e+00 
       3.295274261680e-03       1.739376799192e+00 
       3.558155300819e-03       1.858263553820e+00 
       3.842007717529e-03       1.982892997532e+00 
       4.148504506860e-03       2.113010517665e+00 
       4.479452127312e-03       2.248230592475e+00 
       4.836801147907e-03       2.388020500066e+00 
       5.222657744628e-03       2.531687171572e+00 
       5.639296113988e-03       2.678368375865e+00 
       6.089171876895e-03       2.827032408301e+00 
       6.574936551816e-03       2.976481703881e+00 
       7.099453182532e-03       3.125365318980e+00 
       7.665813212606e-03       3.272196174676e+00 
       8.277354706016e-03       3.415370825720e+00 
       8.937682021332e-03       3.553181357375e+00 
       9.650687055417e-03       3.683816998813e+00 
       1.042057218184e-02       3.805351170886e+00 
       1.125187501919e-02       3.915703874234e+00 
       1.214949517534e-02       4.012614720303e+00 
       1.311872312515e-02       4.093620497161e+00 
       1.416527139199e-02       4.156088685256e+00 
       1.529530821666e-02       4.197321296840e+00 
       1.651549391176e-02       4.214691676502e+00 
       1.783302010906e-02       4.205837659024e+00 
       1.925565206518e-02       4.168827937096e+00 
       2.079177376287e-02       4.102321559126e+00 
       2.245043293693e-02       4.005777397713e+00 
       2.424137103356e-02       3.879728020642e+00 
       2.617497906706e-02       3.726108988790e+00 
       2.826199580119e-02       3.548480985999e+00 
       3.051249938375e-02       3.352158686323e+00 
       3.293336996262e-02       3.144354465316e+00 
       3.552331487266e-02       2.933975059753e+00 
       3.826582157228e-02       2.731058012198e+00 
       4.112404724473e-02       2.545238285900e+00 
       4.404493044138e-02       2.383525607056e+00 
       4.697466957067e-02       2.248576266626e+00 
       4.987520971806e-02       2.138753605354e+00 
       5.272987739079e-02       2.049721572710e+00 
       5.553868476799e-02       1.976112285618e+00 
       5.831086443783e-02       1.912771578402e+00 
       6.105929318352e-02       1.855170635728e+00 
       6.379744399755e-02       1.799541118825e+00 
       6.653804689347e-02       1.742903815713e+00 
       6.929265033370e-02       1.683095255313e+00 
       7.207159151451e-02       1.618768549641e+00 
       7.488412589325e-02       1.549402885033e+00 
       7.773860159413e-02       1.475268399768e+00 
       8.064263092727e-02       1.397360150150e+00 
       8.360324183574e-02       1.317278407184e+00 
       8.662700531640e-02       1.237047260906e+00 
       8.972014012085e-02       1.158905094577e+00 
       9.288859777810e-02       1.085057023056e+00 
       9.613813123925e-02       1.017439932767e+00 
       9.947435014200e-02       9.575064319771e-01 
       1.029027652301e-01       9.061076532499e-01 
       1.064288240027e-01       8.633030628331e-01 
       1.100579392682e-01       8.284147722865e-01 
       1.137955119551e-01       8.000009630732e-01 
       1.176469492760e-01       7.759704007394e-01 
       1.216176791504e-01       7.537821209670e-01 
       1.257131616481e-01       7.307750609326e-01 
       1.299388981110e-01       7.046081483300e-01 
       1.343004385401e-01       6.737622637952e-01 
       1.388033877828e-01       6.379214798954e-01 
       1.434534110299e-01       5.981245370094e-01 
       1.482562391095e-01       5.565574207393e-01 
       1.532176740608e-01       5.160285737183e-01 
       1.583435954687e-01       4.792813425419e-01 
       1.636399680441e-01       4.482880262588e-01 
       1.691128509406e-01       4.237667343694e-01 
       1.747684093051e-01       4.049966395862e-01 
       1.806129285724e-01       3.899879389206e-01 
       1.866528320180e-01       3.761606846613e-01 
       1.928947021034e-01       3.607123433331e-01 
       1.993453061587e-01       3.419141415494e-01 
       2.060116269760e-01       3.199319565518e-01 
       2.129008989175e-01       2.966485737464e-01 
       2.200206501922e-01       2.745750271201e-01 
       2.273787520223e-01       2.556971849046e-01 
       2.349834755150e-01       2.408117693320e-01 
       2.428435571828e-01       2.292068486283e-01 
       2.509682742266e-01       2.189114202116e-01 
       2.593675309230e-01       2.078803949995e-01 
       2.680519577530e-01       1.951950048558e-01 
       2.770330252880e-01       1.814320811748e-01 
       2.863231753450e-01       1.682469429922e-01 
       2.959359725497e-01       1.570847233156e-01 
       3.058862802544e-01       1.480300439150e-01 
       3.161904657924e-01       1.400522129128e-01 
       3.268666413804e-01       1.318841513737e-01 
       3.379349486994e-01       1.230786899393e-01 
       3.494178974139e-01       1.143257796760e-01 
       3.613407708034e-01       1.064990776146e-01 
       3.737321155121e-01       9.981085207070e-02 
       3.866243374979e-01       9.360199964268e-02 
       4.000544330338e-01       8.732760443763e-02 
       4.140648927098e-01       8.108293388886e-02 
       4.287048286841e-01       7.533068387731e-02 
       4.440313921574e-01       7.015107226574e-02 
       4.601115708827e-01       6.524358234928e-02 
       4.770244877639e-01       6.041002057084e-02 
       4.948643642554e-01       5.582878966191e-02 
       5.137443700216e-01       5.161616970904e-02 
       5.338016569706e-01       4.758294500064e-02 
       5.552039733995e-01       4.369952502100e-02 
       5.781583676391e-01       4.005157072531e-02 
       6.029225951850e-01       3.657524985690e-02 
       6.298198626618e-01       3.324340844776e-02 
       6.592572812968e-01       3.007941376230e-02 
       6.917474167662e-01       2.704735440640e-02 
       7.279297175260e-01       2.415699586910e-02 
       7.685829637218e-01       2.139674983037e-02 
       8.146102292538e-01       1.877734707855e-02 
       8.669680480455e-01       1.631121209170e-02 
       9.265193831693e-01       1.402324189838e-02 
       9.938458886090e-01       1.194202795517e-02 
       1.069144954181e+00       1.009125789114e-02 
       1.152332760345e+00       8.480041301186e-03 
       1.243295708729e+00       7.100784928834e-03 
       1.342095772805e+00       5.932120501594e-03 
       1.449029203296e+00       4.948061185992e-03 
       1.564586374602e+00       4.122187589495e-03 
       1.689391516011e+00       3.430412775884e-03 
       1.824160856865e+00       2.851852349185e-03 
       1.969683202239e+00       2.368559935365e-03 
       2.126814942975e+00       1.965323011993e-03 
       2.296481943529e+00       1.629249873925e-03 
       2.479684162707e+00       1.349476238214e-03 
       2.677501369259e+00       1.116785440421e-03 
       2.891099475621e+00       9.234652134986e-04 
       3.121737405595e+00       7.629995006284e-04 
       3.370774513870e+00       6.299299779934e-04 
       3.639678597884e+00       5.196813010507e-04 
       3.930034548851e+00       4.284171179708e-04 
       4.243553692939e+00       3.529312271699e-04 
       4.582083877640e+00       2.905522660964e-04 
       4.947620362778e+00       2.390390508004e-04 
       5.342317580354e+00       1.965330095846e-04 
       5.768501832533e+00       1.614830785746e-04 
       6.228685002611e+00       1.326043451367e-04 
       6.725579359783e+00       1.088261435756e-04 
       7.262113544958e+00       8.926120879736e-05 
       7.841449831849e+00       7.317254791151e-05 
       8.467002765069e+00       5.995144641749e-05 
       9.142459285082e+00       4.909335023020e-05 
       9.871800458624e+00       4.018149203529e-05 
       1.065932494268e+01       3.287054084496e-05 
       1.150967432028e+01       2.687681115024e-05 
       1.242786045752e+01       2.196547345735e-05 
       1.341929504291e+01       1.794332579025e-05 
       1.448982148328e+01       1.465104854621e-05 
       1.564574934421e+01       1.195752981054e-05 
       1.689389153788e+01       9.754859907968e-06 
       1.824160447766e+01       7.954622313664e-06 
       1.969683143598e+01       6.483835436364e-06 
       2.126814936113e+01       5.282829256165e-06 
       2.296481942883e+01       4.302572332854e-06 
       2.479684162659e+01       3.502768452719e-06 
       2.677501369256e+01       2.850508206757e-06 
       2.891099475621e+01       2.318801586228e-06 
       3.121737405595e+01       1.885540597871e-06 
       3.370774513870e+01       1.532637217668e-06 
       3.639678597884e+01       1.245276800221e-06 
       3.930034548851e+01       1.011418529684e-06 
       4.243553692939e+01       8.211485799795e-07 
       4.582083877640e+01       6.663968098565e-07 
       4.947620362778e+01       5.405937232235e-07 
       5.342317580354e+01       4.383502764797e-07 
