# Matter power spectrum P(k) at redshift z=99
# for k=1.04206e-05 to 53.4232 h/Mpc,
# number of wavenumbers equal to 243
#    1:k (h/Mpc)              2:P (Mpc/h)^3        
       1.042057218184e-05       7.036260929411e-03 
       1.125187501919e-05       7.577807674685e-03 
       1.214949517534e-05       8.161033620367e-03 
       1.311872312515e-05       8.789148142149e-03 
       1.416527139199e-05       9.465605314445e-03 
       1.529530821670e-05       1.019412588022e-02 
       1.651549391254e-05       1.097871819660e-02 
       1.783302012034e-05       1.182369464608e-02 
       1.925565219523e-05       1.273370416834e-02 
       2.079177497483e-05       1.371375238049e-02 
       2.245044219853e-05       1.476922835650e-02 
       2.424142986925e-05       1.590593818750e-02 
       2.617529387212e-05       1.713013403726e-02 
       2.826343218975e-05       1.844854685101e-02 
       3.051815208062e-05       1.986842969040e-02 
       3.295274261680e-05       2.139759139788e-02 
       3.558155300819e-05       2.304444014597e-02 
       3.842007717529e-05       2.481803397812e-02 
       4.148504506860e-05       2.672812600751e-02 
       4.479452127312e-05       2.878522064375e-02 
       4.836801147907e-05       3.100063001239e-02 
       5.222657744628e-05       3.338653470847e-02 
       5.639296113988e-05       3.595605557656e-02 
       6.089171876895e-05       3.872331949878e-02 
       6.574936551816e-05       4.170354103628e-02 
       7.099453182532e-05       4.491310311044e-02 
       7.665813212606e-05       4.836964963010e-02 
       8.277354706016e-05       5.209217843662e-02 
       8.937682021332e-05       5.610114901091e-02 
       9.650687055417e-05       6.041858990856e-02 
       1.042057218184e-04       6.506822426534e-02 
       1.125187501919e-04       7.007559021781e-02 
       1.214949517534e-04       7.546819264288e-02 
       1.311872312515e-04       8.127563721461e-02 
       1.416527139199e-04       8.752980291625e-02 
       1.529530821670e-04       9.426500750798e-02 
       1.651549391254e-04       1.015181935261e-01 
       1.783302012034e-04       1.093291280192e-01 
       1.925565219523e-04       1.177406113770e-01 
       2.079177497483e-04       1.267987049437e-01 
       2.245044219853e-04       1.365529774710e-01 
       2.424142986925e-04       1.470567586983e-01 
       2.617529387212e-04       1.583674216515e-01 
       2.826343218975e-04       1.705466741311e-01 
       3.051815208062e-04       1.836608704947e-01 
       3.295274261680e-04       1.977813491794e-01 
       3.558155300819e-04       2.129847782550e-01 
       3.842007717529e-04       2.293535305426e-01 
       4.148504506860e-04       2.469760655676e-01 
       4.479452127312e-04       2.659473415023e-01 
       4.836801147907e-04       2.863692323900e-01 
       5.222657744628e-04       3.083509591931e-01 
       5.639296113988e-04       3.320095401213e-01 
       6.089171876895e-04       3.574702177472e-01 
       6.574936551816e-04       3.848669203740e-01 
       7.099453182532e-04       4.143426641708e-01 
       7.665813212606e-04       4.460499662631e-01 
       8.277354706016e-04       4.801511870534e-01 
       8.937682021332e-04       5.168188240260e-01 
       9.650687055417e-04       5.562356987900e-01 
       1.042057218184e-03       5.985950254489e-01 
       1.125187501919e-03       6.441003044474e-01 
       1.214949517534e-03       6.929649990756e-01 
       1.311872312515e-03       7.454119173502e-01 
       1.416527139199e-03       8.016805663161e-01 
       1.529530821670e-03       8.620070327584e-01 
       1.651549391254e-03       9.266333534580e-01 
       1.783302012034e-03       9.958058761181e-01 
       1.925565219523e-03       1.069769906528e+00 
       2.079177497483e-03       1.148765179430e+00 
       2.245044219853e-03       1.233020202432e+00 
       2.424142986925e-03       1.322745166206e+00 
       2.617529387212e-03       1.418123334331e+00 
       2.826343218975e-03       1.519300754202e+00 
       3.051815208062e-03       1.626374120677e+00 
       3.295274261680e-03       1.739376799166e+00 
       3.558155300819e-03       1.858263553997e+00 
       3.842007717529e-03       1.982892997528e+00 
       4.148504506860e-03       2.113010517692e+00 
       4.479452127312e-03       2.248230592519e+00 
       4.836801147907e-03       2.388020500117e+00 
       5.222657744628e-03       2.531687218928e+00 
       5.639296113988e-03       2.678368271652e+00 
       6.089171876895e-03       2.827032408429e+00 
       6.574936551816e-03       2.976481704054e+00 
       7.099453182532e-03       3.125365316403e+00 
       7.665813212606e-03       3.272196107279e+00 
       8.277354706016e-03       3.415370827526e+00 
       8.937682021332e-03       3.553180999134e+00 
       9.650687055417e-03       3.683816999565e+00 
       1.042057218184e-02       3.805351029314e+00 
       1.125187501919e-02       3.915703856976e+00 
       1.214949517534e-02       4.012614576963e+00 
       1.311872312515e-02       4.093620159319e+00 
       1.416527139199e-02       4.156089568680e+00 
       1.529530821666e-02       4.197320573974e+00 
       1.651549391176e-02       4.214691681535e+00 
       1.783302010906e-02       4.205838175625e+00 
       1.925565206518e-02       4.168830337715e+00 
       2.079177376287e-02       4.102325628346e+00 
       2.245043293693e-02       4.005780033747e+00 
       2.424137103356e-02       3.879731330831e+00 
       2.617497906706e-02       3.726109009450e+00 
       2.826199580119e-02       3.548481011348e+00 
       3.051249938375e-02       3.352159643572e+00 
       3.293336996262e-02       3.144354501730e+00 
       3.552331487266e-02       2.933975103976e+00 
       3.826582157228e-02       2.731058065105e+00 
       4.112404724473e-02       2.545237086739e+00 
       4.404493044138e-02       2.383525678333e+00 
       4.697466957067e-02       2.248567803453e+00 
       4.987520971806e-02       2.138746810789e+00 
       5.272987739079e-02       2.049721618623e+00 
       5.553868476799e-02       1.976109416746e+00 
       5.831086443783e-02       1.912768199409e+00 
       6.105929318352e-02       1.855171974043e+00 
       6.379744399755e-02       1.799543124874e+00 
       6.653804689347e-02       1.742904405573e+00 
       6.929265033370e-02       1.683095387100e+00 
       7.207159151451e-02       1.618769317824e+00 
       7.488412589325e-02       1.549404475892e+00 
       7.773860159413e-02       1.475269301331e+00 
       8.064263092727e-02       1.397361041918e+00 
       8.360324183574e-02       1.317279208362e+00 
       8.662700531640e-02       1.237048032690e+00 
       8.972014012085e-02       1.158905112042e+00 
       9.288859777810e-02       1.085057173224e+00 
       9.613813123925e-02       1.017439198682e+00 
       9.947435014200e-02       9.575146548830e-01 
       1.029027652301e-01       9.061078488286e-01 
       1.064288240027e-01       8.633033463672e-01 
       1.100579392682e-01       8.284151080724e-01 
       1.137955119551e-01       8.000014705280e-01 
       1.176469492760e-01       7.759706276474e-01 
       1.216176791504e-01       7.537827546623e-01 
       1.257131616481e-01       7.307742500442e-01 
       1.299388981110e-01       7.046088532049e-01 
       1.343004385401e-01       6.737622223231e-01 
       1.388033877828e-01       6.379217389463e-01 
       1.434534110299e-01       5.981252276453e-01 
       1.482562391095e-01       5.565575022078e-01 
       1.532176740608e-01       5.160290339604e-01 
       1.583435954687e-01       4.792817626278e-01 
       1.636399680441e-01       4.482883998741e-01 
       1.691128509406e-01       4.237671944632e-01 
       1.747684093051e-01       4.049971846364e-01 
       1.806129285724e-01       3.899883600909e-01 
       1.866528320180e-01       3.761607792275e-01 
       1.928947021034e-01       3.607123852590e-01 
       1.993453061587e-01       3.419139825088e-01 
       2.060116269760e-01       3.199320990215e-01 
       2.129008989175e-01       2.966488827279e-01 
       2.200206501922e-01       2.745757329750e-01 
       2.273787520223e-01       2.556975552358e-01 
       2.349834755150e-01       2.408123752053e-01 
       2.428435571828e-01       2.292067629619e-01 
       2.509682742266e-01       2.189116248551e-01 
       2.593675309230e-01       2.078806626081e-01 
       2.680519577530e-01       1.951954587030e-01 
       2.770330252880e-01       1.814323430023e-01 
       2.863231753450e-01       1.682470937559e-01 
       2.959359725497e-01       1.570849773336e-01 
       3.058862802544e-01       1.480303683909e-01 
       3.161904657924e-01       1.400523549339e-01 
       3.268666413804e-01       1.318841677053e-01 
       3.379349486994e-01       1.230787243597e-01 
       3.494178974139e-01       1.143257801173e-01 
       3.613407708034e-01       1.064991849426e-01 
       3.737321155121e-01       9.981104697420e-02 
       3.866243374979e-01       9.360219969656e-02 
       4.000544330338e-01       8.732778507548e-02 
       4.140648927098e-01       8.108307574610e-02 
       4.287048286841e-01       7.533084665173e-02 
       4.440313921574e-01       7.015128641780e-02 
       4.601115708827e-01       6.524377778197e-02 
       4.770244877639e-01       6.041017477353e-02 
       4.948643642554e-01       5.582891523727e-02 
       5.137443700216e-01       5.161631009748e-02 
       5.338016569706e-01       4.758310818937e-02 
       5.552039733995e-01       4.369969161333e-02 
       5.781583676391e-01       4.005171044231e-02 
       6.029225951850e-01       3.657538937367e-02 
       6.298198626618e-01       3.324354148360e-02 
       6.592572812968e-01       3.007954335953e-02 
       6.917474167662e-01       2.704748964596e-02 
       7.279297175260e-01       2.415712576036e-02 
       7.685829637218e-01       2.139688157330e-02 
       8.146102292538e-01       1.877747178074e-02 
       8.669680480455e-01       1.631133387728e-02 
       9.265193831693e-01       1.402336030861e-02 
       9.938458886090e-01       1.194214073307e-02 
       1.069144954181e+00       1.009136900482e-02 
       1.152332760345e+00       8.480145280165e-03 
       1.243295708729e+00       7.100884101631e-03 
       1.342095772805e+00       5.932215231510e-03 
       1.449029203296e+00       4.948147307347e-03 
       1.564586374602e+00       4.122272111892e-03 
       1.689391516011e+00       3.430493311324e-03 
       1.824160856865e+00       2.851926962015e-03 
       1.969683202239e+00       2.368630273410e-03 
       2.126814942975e+00       1.965390077964e-03 
       2.296481943529e+00       1.629313680608e-03 
       2.479684162707e+00       1.349534555748e-03 
       2.677501369259e+00       1.116839511859e-03 
       2.891099475621e+00       9.235155015826e-04 
       3.121737405595e+00       7.630466773085e-04 
       3.370774513870e+00       6.299741972745e-04 
       3.639678597884e+00       5.197227119333e-04 
       3.930034548851e+00       4.284552853911e-04 
       4.243553692939e+00       3.529657044027e-04 
       4.582083877640e+00       2.905845486139e-04 
       4.947620362778e+00       2.390678462253e-04 
       5.342317580354e+00       1.965600012715e-04 
       5.768501832533e+00       1.615076990589e-04 
       6.228685002611e+00       1.326269075817e-04 
       6.725579359783e+00       1.088475065390e-04 
       7.262113544958e+00       8.927709040574e-05 
       7.841449831849e+00       7.319036217273e-05 
       8.467002765069e+00       5.996714522566e-05 
       9.142459285082e+00       4.910752599298e-05 
       9.871800458624e+00       4.019402876424e-05 
       1.065932494268e+01       3.288169483351e-05 
       1.150967432028e+01       2.688679862889e-05 
       1.242786045752e+01       2.197432334587e-05 
       1.341929504291e+01       1.795089221145e-05 
       1.448982148328e+01       1.465772691814e-05 
       1.564574934421e+01       1.196319363842e-05 
       1.689389153788e+01       9.759592214841e-06 
       1.824160447766e+01       7.958460627990e-06 
       1.969683143598e+01       6.486926085954e-06 
       2.126814936113e+01       5.285137542360e-06 
       2.296481942883e+01       4.304090279732e-06 
       2.479684162659e+01       3.503653672500e-06 
       2.677501369256e+01       2.850735328622e-06 
       2.891099475621e+01       2.318385679583e-06 
       3.121737405595e+01       1.884532549341e-06 
       3.370774513870e+01       1.531059785083e-06 
       3.639678597884e+01       1.243167424269e-06 
       3.930034548851e+01       1.008809422154e-06 
       4.243553692939e+01       8.180465596654e-07 
       4.582083877640e+01       6.628406888964e-07 
       4.947620362778e+01       5.365955439470e-07 
       5.342317580354e+01       4.339328720127e-07 
