# Matter power spectrum P(k) at redshift z=99
# for k=1.04206e-05 to 53.4232 h/Mpc,
# number of wavenumbers equal to 243
#    1:k (h/Mpc)              2:P (Mpc/h)^3        
       1.042057218184e-05       7.036260929411e-03 
       1.125187501919e-05       7.577807674685e-03 
       1.214949517534e-05       8.161033620367e-03 
       1.311872312515e-05       8.789148142149e-03 
       1.416527139199e-05       9.465605314445e-03 
       1.529530821670e-05       1.019412588022e-02 
       1.651549391254e-05       1.097871819660e-02 
       1.783302012034e-05       1.182369464608e-02 
       1.925565219523e-05       1.273370416834e-02 
       2.079177497483e-05       1.371375238049e-02 
       2.245044219853e-05       1.476922835650e-02 
       2.424142986925e-05       1.590593818750e-02 
       2.617529387212e-05       1.713013403726e-02 
       2.826343218975e-05       1.844854685101e-02 
       3.051815208062e-05       1.986842969040e-02 
       3.295274261680e-05       2.139759139788e-02 
       3.558155300819e-05       2.304444014597e-02 
       3.842007717529e-05       2.481803397812e-02 
       4.148504506860e-05       2.672812600751e-02 
       4.479452127312e-05       2.878522064375e-02 
       4.836801147907e-05       3.100063001239e-02 
       5.222657744628e-05       3.338653470847e-02 
       5.639296113988e-05       3.595605557656e-02 
       6.089171876895e-05       3.872331949878e-02 
       6.574936551816e-05       4.170354103628e-02 
       7.099453182532e-05       4.491310311044e-02 
       7.665813212606e-05       4.836964963010e-02 
       8.277354706016e-05       5.209217843662e-02 
       8.937682021332e-05       5.610114901091e-02 
       9.650687055417e-05       6.041858990856e-02 
       1.042057218184e-04       6.506822426534e-02 
       1.125187501919e-04       7.007559021781e-02 
       1.214949517534e-04       7.546819264288e-02 
       1.311872312515e-04       8.127563721461e-02 
       1.416527139199e-04       8.752980291626e-02 
       1.529530821670e-04       9.426500750798e-02 
       1.651549391254e-04       1.015181935261e-01 
       1.783302012034e-04       1.093291280192e-01 
       1.925565219523e-04       1.177406113770e-01 
       2.079177497483e-04       1.267987049437e-01 
       2.245044219853e-04       1.365529774710e-01 
       2.424142986925e-04       1.470567586983e-01 
       2.617529387212e-04       1.583674216515e-01 
       2.826343218975e-04       1.705466741311e-01 
       3.051815208062e-04       1.836608704947e-01 
       3.295274261680e-04       1.977813491794e-01 
       3.558155300819e-04       2.129847782550e-01 
       3.842007717529e-04       2.293535305426e-01 
       4.148504506860e-04       2.469760655676e-01 
       4.479452127312e-04       2.659473415023e-01 
       4.836801147907e-04       2.863692323900e-01 
       5.222657744628e-04       3.083509591931e-01 
       5.639296113988e-04       3.320095401213e-01 
       6.089171876895e-04       3.574702177472e-01 
       6.574936551816e-04       3.848669203740e-01 
       7.099453182532e-04       4.143426641708e-01 
       7.665813212606e-04       4.460499662631e-01 
       8.277354706016e-04       4.801511870535e-01 
       8.937682021332e-04       5.168188240260e-01 
       9.650687055417e-04       5.562356987900e-01 
       1.042057218184e-03       5.985950254487e-01 
       1.125187501919e-03       6.441003044474e-01 
       1.214949517534e-03       6.929649990757e-01 
       1.311872312515e-03       7.454119173502e-01 
       1.416527139199e-03       8.016805663163e-01 
       1.529530821670e-03       8.620070327584e-01 
       1.651549391254e-03       9.266333534580e-01 
       1.783302012034e-03       9.958058761181e-01 
       1.925565219523e-03       1.069769906528e+00 
       2.079177497483e-03       1.148765179430e+00 
       2.245044219853e-03       1.233020202432e+00 
       2.424142986925e-03       1.322745166494e+00 
       2.617529387212e-03       1.418123334331e+00 
       2.826343218975e-03       1.519300754202e+00 
       3.051815208062e-03       1.626374120677e+00 
       3.295274261680e-03       1.739376799166e+00 
       3.558155300819e-03       1.858263553835e+00 
       3.842007717529e-03       1.982892997528e+00 
       4.148504506860e-03       2.113010517689e+00 
       4.479452127312e-03       2.248230592449e+00 
       4.836801147907e-03       2.388020500117e+00 
       5.222657744628e-03       2.531687171854e+00 
       5.639296113988e-03       2.678368271652e+00 
       6.089171876895e-03       2.827032366831e+00 
       6.574936551816e-03       2.976481703857e+00 
       7.099453182532e-03       3.125365319213e+00 
       7.665813212606e-03       3.272196107279e+00 
       8.277354706016e-03       3.415370827526e+00 
       8.937682021332e-03       3.553181357929e+00 
       9.650687055417e-03       3.683816999565e+00 
       1.042057218184e-02       3.805351030265e+00 
       1.125187501919e-02       3.915703856988e+00 
       1.214949517534e-02       4.012614722048e+00 
       1.311872312515e-02       4.093620159317e+00 
       1.416527139199e-02       4.156088688247e+00 
       1.529530821666e-02       4.197320573971e+00 
       1.651549391176e-02       4.214691681531e+00 
       1.783302010906e-02       4.205838175622e+00 
       1.925565206518e-02       4.168827945369e+00 
       2.079177376287e-02       4.102324967613e+00 
       2.245043293693e-02       4.005780443821e+00 
       2.424137103356e-02       3.879731735999e+00 
       2.617497906706e-02       3.726109009449e+00 
       2.826199580119e-02       3.548477763441e+00 
       3.051249938375e-02       3.352158717417e+00 
       3.293336996262e-02       3.144354488955e+00 
       3.552331487266e-02       2.933975106293e+00 
       3.826582157228e-02       2.731058065028e+00 
       4.112404724473e-02       2.545235901644e+00 
       4.404493044138e-02       2.383525678384e+00 
       4.697466957067e-02       2.248567802755e+00 
       4.987520971806e-02       2.138753684850e+00 
       5.272987739079e-02       2.049721635710e+00 
       5.553868476799e-02       1.976110831847e+00 
       5.831086443783e-02       1.912771676241e+00 
       6.105929318352e-02       1.855171285680e+00 
       6.379744399755e-02       1.799541087024e+00 
       6.653804689347e-02       1.742904413327e+00 
       6.929265033370e-02       1.683094058905e+00 
       7.207159151451e-02       1.618770131992e+00 
       7.488412589325e-02       1.549404702524e+00 
       7.773860159413e-02       1.475269961409e+00 
       8.064263092727e-02       1.397361055966e+00 
       8.360324183574e-02       1.317277998700e+00 
       8.662700531640e-02       1.237048181586e+00 
       8.972014012085e-02       1.158905264257e+00 
       9.288859777810e-02       1.085057162642e+00 
       9.613813123925e-02       1.017439191093e+00 
       9.947435014200e-02       9.575158653710e-01 
       1.029027652301e-01       9.061078370288e-01 
       1.064288240027e-01       8.633042676355e-01 
       1.100579392682e-01       8.284155819284e-01 
       1.137955119551e-01       8.000015642141e-01 
       1.176469492760e-01       7.759706125913e-01 
       1.216176791504e-01       7.537823433747e-01 
       1.257131616481e-01       7.307742313929e-01 
       1.299388981110e-01       7.046086480518e-01 
       1.343004385401e-01       6.737622925813e-01 
       1.388033877828e-01       6.379198088692e-01 
       1.434534110299e-01       5.981249387687e-01 
       1.482562391095e-01       5.565574640540e-01 
       1.532176740608e-01       5.160288159871e-01 
       1.583435954687e-01       4.792817294085e-01 
       1.636399680441e-01       4.482884777430e-01 
       1.691128509406e-01       4.237671390643e-01 
       1.747684093051e-01       4.049971495187e-01 
       1.806129285724e-01       3.899883262037e-01 
       1.866528320180e-01       3.761607496844e-01 
       1.928947021034e-01       3.607124453735e-01 
       1.993453061587e-01       3.419142622527e-01 
       2.060116269760e-01       3.199321016434e-01 
       2.129008989175e-01       2.966488233370e-01 
       2.200206501922e-01       2.745756897262e-01 
       2.273787520223e-01       2.556975915173e-01 
       2.349834755150e-01       2.408121446562e-01 
       2.428435571828e-01       2.292070370695e-01 
       2.509682742266e-01       2.189116609694e-01 
       2.593675309230e-01       2.078806559373e-01 
       2.680519577530e-01       1.951951937106e-01 
       2.770330252880e-01       1.814323552454e-01 
       2.863231753450e-01       1.682477896579e-01 
       2.959359725497e-01       1.570850368031e-01 
       3.058862802544e-01       1.480302135138e-01 
       3.161904657924e-01       1.400523667635e-01 
       3.268666413804e-01       1.318844204939e-01 
       3.379349486994e-01       1.230786269172e-01 
       3.494178974139e-01       1.143260178954e-01 
       3.613407708034e-01       1.064992031294e-01 
       3.737321155121e-01       9.981097691790e-02 
       3.866243374979e-01       9.360223341246e-02 
       4.000544330338e-01       8.732779468772e-02 
       4.140648927098e-01       8.108306438980e-02 
       4.287048286841e-01       7.533084001274e-02 
       4.440313921574e-01       7.015121721060e-02 
       4.601115708827e-01       6.524387288569e-02 
       4.770244877639e-01       6.041015880866e-02 
       4.948643642554e-01       5.582891595711e-02 
       5.137443700216e-01       5.161632188611e-02 
       5.338016569706e-01       4.758309878051e-02 
       5.552039733995e-01       4.369968679747e-02 
       5.781583676391e-01       4.005170128044e-02 
       6.029225951850e-01       3.657538036283e-02 
       6.298198626618e-01       3.324353915850e-02 
       6.592572812968e-01       3.007952927811e-02 
       6.917474167662e-01       2.704748483280e-02 
       7.279297175260e-01       2.415711669838e-02 
       7.685829637218e-01       2.139687517363e-02 
       8.146102292538e-01       1.877746603912e-02 
       8.669680480455e-01       1.631132834459e-02 
       9.265193831693e-01       1.402336368538e-02 
       9.938458886090e-01       1.194213527665e-02 
       1.069144954181e+00       1.009136304875e-02 
       1.152332760345e+00       8.480140820540e-03 
       1.243295708729e+00       7.100880279549e-03 
       1.342095772805e+00       5.932212139278e-03 
       1.449029203296e+00       4.948146601126e-03 
       1.564586374602e+00       4.122264687904e-03 
       1.689391516011e+00       3.430492343761e-03 
       1.824160856865e+00       2.851926523026e-03 
       1.969683202239e+00       2.368628174992e-03 
       2.126814942975e+00       1.965389993987e-03 
       2.296481943529e+00       1.629314658627e-03 
       2.479684162707e+00       1.349534582204e-03 
       2.677501369259e+00       1.116840722105e-03 
       2.891099475621e+00       9.235174025491e-04 
       3.121737405595e+00       7.630478339108e-04 
       3.370774513870e+00       6.299756822434e-04 
       3.639678597884e+00       5.197245923197e-04 
       3.930034548851e+00       4.284571361147e-04 
       4.243553692939e+00       3.529675474397e-04 
       4.582083877640e+00       2.905866995097e-04 
       4.947620362778e+00       2.390708695987e-04 
       5.342317580354e+00       1.965625999091e-04 
       5.768501832533e+00       1.615104873831e-04 
       6.228685002611e+00       1.326298266733e-04 
       6.725579359783e+00       1.088496749978e-04 
       7.262113544958e+00       8.928294974755e-05 
       7.841449831849e+00       7.319265597049e-05 
       8.467002765069e+00       5.996999094439e-05 
       9.142459285082e+00       4.911048894658e-05 
       9.871800458624e+00       4.019708988516e-05 
       1.065932494268e+01       3.288510032118e-05 
       1.150967432028e+01       2.689022626925e-05 
       1.242786045752e+01       2.197782224138e-05 
       1.341929504291e+01       1.795468465730e-05 
       1.448982148328e+01       1.466149161815e-05 
       1.564574934421e+01       1.196713418120e-05 
       1.689389153788e+01       9.763673389465e-06 
       1.824160447766e+01       7.962713545998e-06 
       1.969683143598e+01       6.491257259242e-06 
       2.126814936113e+01       5.289671638139e-06 
       2.296481942883e+01       4.308817338169e-06 
       2.479684162659e+01       3.508506973300e-06 
       2.677501369256e+01       2.855760298079e-06 
       2.891099475621e+01       2.323604349471e-06 
       3.121737405595e+01       1.889932385619e-06 
       3.370774513870e+01       1.536653154344e-06 
       3.639678597884e+01       1.248960657874e-06 
       3.930034548851e+01       1.014775868360e-06 
       4.243553692939e+01       8.242103739930e-07 
       4.582083877640e+01       6.692041829464e-07 
       4.947620362778e+01       5.431562932449e-07 
       5.342317580354e+01       4.406869255919e-07 
