# Matter power spectrum P(k) at redshift z=99
# for k=1.04206e-05 to 53.4232 h/Mpc,
# number of wavenumbers equal to 243
#    1:k (h/Mpc)              2:P (Mpc/h)^3        
       1.042057218184e-05       7.036260929561e-03 
       1.125187501919e-05       7.577807674845e-03 
       1.214949517534e-05       8.161033620539e-03 
       1.311872312515e-05       8.789148142335e-03 
       1.416527139199e-05       9.465605314646e-03 
       1.529530821670e-05       1.019412588044e-02 
       1.651549391254e-05       1.097871819683e-02 
       1.783302012034e-05       1.182369464633e-02 
       1.925565219523e-05       1.273370416861e-02 
       2.079177497483e-05       1.371375238078e-02 
       2.245044219853e-05       1.476922835682e-02 
       2.424142986925e-05       1.590593818784e-02 
       2.617529387212e-05       1.713013403763e-02 
       2.826343218975e-05       1.844854685140e-02 
       3.051815208062e-05       1.986842969082e-02 
       3.295274261680e-05       2.139759139833e-02 
       3.558155300819e-05       2.304444014646e-02 
       3.842007717529e-05       2.481803397864e-02 
       4.148504506860e-05       2.672812600807e-02 
       4.479452127312e-05       2.878522064436e-02 
       4.836801147907e-05       3.100063001306e-02 
       5.222657744628e-05       3.338653470917e-02 
       5.639296113988e-05       3.595605557733e-02 
       6.089171876895e-05       3.872331949959e-02 
       6.574936551816e-05       4.170354103717e-02 
       7.099453182532e-05       4.491310311142e-02 
       7.665813212606e-05       4.836964963113e-02 
       8.277354706016e-05       5.209217843774e-02 
       8.937682021332e-05       5.610114901211e-02 
       9.650687055417e-05       6.041858990985e-02 
       1.042057218184e-04       6.506822426672e-02 
       1.125187501919e-04       7.007559021930e-02 
       1.214949517534e-04       7.546819264447e-02 
       1.311872312515e-04       8.127563721632e-02 
       1.416527139199e-04       8.752980291809e-02 
       1.529530821670e-04       9.426500750996e-02 
       1.651549391254e-04       1.015181935282e-01 
       1.783302012034e-04       1.093291280215e-01 
       1.925565219523e-04       1.177406113795e-01 
       2.079177497483e-04       1.267987049463e-01 
       2.245044219853e-04       1.365529774738e-01 
       2.424142986925e-04       1.470567587014e-01 
       2.617529387212e-04       1.583674216548e-01 
       2.826343218975e-04       1.705466741347e-01 
       3.051815208062e-04       1.836608704985e-01 
       3.295274261680e-04       1.977813491835e-01 
       3.558155300819e-04       2.129847782594e-01 
       3.842007717529e-04       2.293535305473e-01 
       4.148504506860e-04       2.469760655726e-01 
       4.479452127312e-04       2.659473415076e-01 
       4.836801147907e-04       2.863692323957e-01 
       5.222657744628e-04       3.083509591991e-01 
       5.639296113988e-04       3.320095401277e-01 
       6.089171876895e-04       3.574702177541e-01 
       6.574936551816e-04       3.848669203813e-01 
       7.099453182532e-04       4.143426641784e-01 
       7.665813212606e-04       4.460499662711e-01 
       8.277354706016e-04       4.801511870618e-01 
       8.937682021332e-04       5.168188240347e-01 
       9.650687055417e-04       5.562356987993e-01 
       1.042057218184e-03       5.985950254579e-01 
       1.125187501919e-03       6.441003044565e-01 
       1.214949517534e-03       6.929649990847e-01 
       1.311872312515e-03       7.454119173587e-01 
       1.416527139199e-03       8.016805663243e-01 
       1.529530821670e-03       8.620070327652e-01 
       1.651549391254e-03       9.266333534583e-01 
       1.783302012034e-03       9.958058761200e-01 
       1.925565219523e-03       1.069769906525e+00 
       2.079177497483e-03       1.148765179421e+00 
       2.245044219853e-03       1.233020202414e+00 
       2.424142986925e-03       1.322745166464e+00 
       2.617529387212e-03       1.418123334285e+00 
       2.826343218975e-03       1.519300752825e+00 
       3.051815208062e-03       1.626374120579e+00 
       3.295274261680e-03       1.739376799062e+00 
       3.558155300819e-03       1.858263553802e+00 
       3.842007717529e-03       1.982892997283e+00 
       4.148504506860e-03       2.113010517262e+00 
       4.479452127312e-03       2.248230592009e+00 
       4.836801147907e-03       2.388020499441e+00 
       5.222657744628e-03       2.531687170711e+00 
       5.639296113988e-03       2.678368258014e+00 
       6.089171876895e-03       2.827032406722e+00 
       6.574936551816e-03       2.976481701551e+00 
       7.099453182532e-03       3.125365315873e+00 
       7.665813212606e-03       3.272196170804e+00 
       8.277354706016e-03       3.415370821907e+00 
       8.937682021332e-03       3.553180991798e+00 
       9.650687055417e-03       3.683816989533e+00 
       1.042057218184e-02       3.805351016934e+00 
       1.125187501919e-02       3.915703839340e+00 
       1.214949517534e-02       4.012614662276e+00 
       1.311872312515e-02       4.093620128798e+00 
       1.416527139199e-02       4.156089528815e+00 
       1.529530821666e-02       4.197320522158e+00 
       1.651549391176e-02       4.214688527970e+00 
       1.783302010906e-02       4.205838060137e+00 
       1.925565206518e-02       4.168827835162e+00 
       2.079177376287e-02       4.102324827448e+00 
       2.245043293693e-02       4.005777751466e+00 
       2.424137103356e-02       3.879727814586e+00 
       2.617497906706e-02       3.726100440154e+00 
       2.826199580119e-02       3.548472768896e+00 
       3.051249938375e-02       3.352158303212e+00 
       3.293336996262e-02       3.144353990429e+00 
       3.552331487266e-02       2.933973369036e+00 
       3.826582157228e-02       2.731057359880e+00 
       4.112404724473e-02       2.545235081182e+00 
       4.404493044138e-02       2.383524668556e+00 
       4.697466957067e-02       2.248560817630e+00 
       4.987520971806e-02       2.138745141247e+00 
       5.272987739079e-02       2.049720444700e+00 
       5.553868476799e-02       1.976111067053e+00 
       5.831086443783e-02       1.912769883251e+00 
       6.105929318352e-02       1.855169733881e+00 
       6.379744399755e-02       1.799540536489e+00 
       6.653804689347e-02       1.742902635805e+00 
       6.929265033370e-02       1.683093552129e+00 
       7.207159151451e-02       1.618766782843e+00 
       7.488412589325e-02       1.549401809131e+00 
       7.773860159413e-02       1.475267175996e+00 
       8.064263092727e-02       1.397358264539e+00 
       8.360324183574e-02       1.317276457680e+00 
       8.662700531640e-02       1.237046087140e+00 
       8.972014012085e-02       1.158903474677e+00 
       9.288859777810e-02       1.085055585252e+00 
       9.613813123925e-02       1.017437664898e+00 
       9.947435014200e-02       9.575135348656e-01 
       1.029027652301e-01       9.061054641405e-01 
       1.064288240027e-01       8.633016643790e-01 
       1.100579392682e-01       8.284129516719e-01 
       1.137955119551e-01       7.999987431905e-01 
       1.176469492760e-01       7.759678386164e-01 
       1.216176791504e-01       7.537801844389e-01 
       1.257131616481e-01       7.307712230876e-01 
       1.299388981110e-01       7.046057608877e-01 
       1.343004385401e-01       6.737595800785e-01 
       1.388033877828e-01       6.379187318021e-01 
       1.434534110299e-01       5.981222906105e-01 
       1.482562391095e-01       5.565546900343e-01 
       1.532176740608e-01       5.160259130131e-01 
       1.583435954687e-01       4.792784904967e-01 
       1.636399680441e-01       4.482853638498e-01 
       1.691128509406e-01       4.237641705633e-01 
       1.747684093051e-01       4.049935503384e-01 
       1.806129285724e-01       3.899850313974e-01 
       1.866528320180e-01       3.761577833416e-01 
       1.928947021034e-01       3.607094987000e-01 
       1.993453061587e-01       3.419120456264e-01 
       2.060116269760e-01       3.199285002370e-01 
       2.129008989175e-01       2.966456645837e-01 
       2.200206501922e-01       2.745722801338e-01 
       2.273787520223e-01       2.556943771162e-01 
       2.349834755150e-01       2.408089215262e-01 
       2.428435571828e-01       2.292040114574e-01 
       2.509682742266e-01       2.189085623716e-01 
       2.593675309230e-01       2.078775248756e-01 
       2.680519577530e-01       1.951921330931e-01 
       2.770330252880e-01       1.814294425442e-01 
       2.863231753450e-01       1.682441188027e-01 
       2.959359725497e-01       1.570820164576e-01 
       3.058862802544e-01       1.480274322905e-01 
       3.161904657924e-01       1.400494256111e-01 
       3.268666413804e-01       1.318813380833e-01 
       3.379349486994e-01       1.230759173994e-01 
       3.494178974139e-01       1.143231193516e-01 
       3.613407708034e-01       1.064964196312e-01 
       3.737321155121e-01       9.980819286831e-02 
       3.866243374979e-01       9.359939132243e-02 
       4.000544330338e-01       8.732498358154e-02 
       4.140648927098e-01       8.108036377896e-02 
       4.287048286841e-01       7.532810533848e-02 
       4.440313921574e-01       7.014855297811e-02 
       4.601115708827e-01       6.524109871665e-02 
       4.770244877639e-01       6.040753715654e-02 
       4.948643642554e-01       5.582633432079e-02 
       5.137443700216e-01       5.161375484999e-02 
       5.338016569706e-01       4.758057891417e-02 
       5.552039733995e-01       4.369722173055e-02 
       5.781583676391e-01       4.004928350433e-02 
       6.029225951850e-01       3.657298788687e-02 
       6.298198626618e-01       3.324120265213e-02 
       6.592572812968e-01       3.007723479186e-02 
       6.917474167662e-01       2.704523773886e-02 
       7.279297175260e-01       2.415492543465e-02 
       7.685829637218e-01       2.139473876024e-02 
       8.146102292538e-01       1.877539457367e-02 
       8.669680480455e-01       1.630932347494e-02 
       9.265193831693e-01       1.402143039924e-02 
       9.938458886090e-01       1.194027537390e-02 
       1.069144954181e+00       1.008957833912e-02 
       1.152332760345e+00       8.478432001385e-03 
       1.243295708729e+00       7.099247515740e-03 
       1.342095772805e+00       5.930651395659e-03 
       1.449029203296e+00       4.946661861184e-03 
       1.564586374602e+00       4.120855727217e-03 
       1.689391516011e+00       3.429146754920e-03 
       1.824160856865e+00       2.850645885999e-03 
       1.969683202239e+00       2.367410200137e-03 
       2.126814942975e+00       1.964238097055e-03 
       2.296481943529e+00       1.628216555425e-03 
       2.479684162707e+00       1.348491212635e-03 
       2.677501369259e+00       1.115855921834e-03 
       2.891099475621e+00       9.225836752190e-04 
       3.121737405595e+00       7.621620599663e-04 
       3.370774513870e+00       6.291376512768e-04 
       3.639678597884e+00       5.189316314150e-04 
       3.930034548851e+00       4.277086600068e-04 
       4.243553692939e+00       3.522579418094e-04 
       4.582083877640e+00       2.899166255859e-04 
       4.947620362778e+00       2.384364866811e-04 
       5.342317580354e+00       1.959604117926e-04 
       5.768501832533e+00       1.609426720549e-04 
       6.228685002611e+00       1.320933979174e-04 
       6.725579359783e+00       1.083439819184e-04 
       7.262113544958e+00       8.880390608801e-05 
       7.841449831849e+00       7.273811781611e-05 
       8.467002765069e+00       5.954283654342e-05 
       9.142459285082e+00       4.870679723589e-05 
       9.871800458624e+00       3.981594740162e-05 
       1.065932494268e+01       3.252510569210e-05 
       1.150967432028e+01       2.655031010105e-05 
       1.242786045752e+01       2.165707608111e-05 
       1.341929504291e+01       1.765190741943e-05 
       1.448982148328e+01       1.437590078937e-05 
       1.564574934421e+01       1.169778819086e-05 
       1.689389153788e+01       9.509771102800e-06 
       1.824160447766e+01       7.723451100275e-06 
       1.969683143598e+01       6.265908510241e-06 
       2.126814936113e+01       5.077555601100e-06 
       2.296481942883e+01       4.109336040017e-06 
       2.479684162659e+01       3.320927752729e-06 
       2.677501369256e+01       2.679631812565e-06 
       2.891099475621e+01       2.158336686211e-06 
       3.121737405595e+01       1.735016638598e-06 
       3.370774513870e+01       1.391632313930e-06 
       3.639678597884e+01       1.113390732086e-06 
       3.930034548851e+01       8.882067704008e-07 
       4.243553692939e+01       7.062629760393e-07 
       4.582083877640e+01       5.594895737501e-07 
       4.947620362778e+01       4.413277439278e-07 
       5.342317580354e+01       3.464066872494e-07 
