# Matter power spectrum P(k) at redshift z=99
# for k=1.04206e-05 to 53.4232 h/Mpc,
# number of wavenumbers equal to 243
#    1:k (h/Mpc)              2:P (Mpc/h)^3        
       1.042057218184e-05       7.036260929412e-03 
       1.125187501919e-05       7.577807674686e-03 
       1.214949517534e-05       8.161033620367e-03 
       1.311872312515e-05       8.789148142150e-03 
       1.416527139199e-05       9.465605314446e-03 
       1.529530821670e-05       1.019412588022e-02 
       1.651549391254e-05       1.097871819660e-02 
       1.783302012034e-05       1.182369464608e-02 
       1.925565219523e-05       1.273370416834e-02 
       2.079177497483e-05       1.371375238049e-02 
       2.245044219853e-05       1.476922835651e-02 
       2.424142986925e-05       1.590593818750e-02 
       2.617529387212e-05       1.713013403727e-02 
       2.826343218975e-05       1.844854685101e-02 
       3.051815208062e-05       1.986842969040e-02 
       3.295274261680e-05       2.139759139788e-02 
       3.558155300819e-05       2.304444014597e-02 
       3.842007717529e-05       2.481803397812e-02 
       4.148504506860e-05       2.672812600751e-02 
       4.479452127312e-05       2.878522064375e-02 
       4.836801147907e-05       3.100063001240e-02 
       5.222657744628e-05       3.338653470847e-02 
       5.639296113988e-05       3.595605557656e-02 
       6.089171876895e-05       3.872331949878e-02 
       6.574936551816e-05       4.170354103629e-02 
       7.099453182532e-05       4.491310311044e-02 
       7.665813212606e-05       4.836964963011e-02 
       8.277354706016e-05       5.209217843663e-02 
       8.937682021332e-05       5.610114901092e-02 
       9.650687055417e-05       6.041858990857e-02 
       1.042057218184e-04       6.506822426535e-02 
       1.125187501919e-04       7.007559021782e-02 
       1.214949517534e-04       7.546819264289e-02 
       1.311872312515e-04       8.127563721461e-02 
       1.416527139199e-04       8.752980291627e-02 
       1.529530821670e-04       9.426500750799e-02 
       1.651549391254e-04       1.015181935261e-01 
       1.783302012034e-04       1.093291280192e-01 
       1.925565219523e-04       1.177406113770e-01 
       2.079177497483e-04       1.267987049437e-01 
       2.245044219853e-04       1.365529774710e-01 
       2.424142986925e-04       1.470567586983e-01 
       2.617529387212e-04       1.583674216515e-01 
       2.826343218975e-04       1.705466741312e-01 
       3.051815208062e-04       1.836608704947e-01 
       3.295274261680e-04       1.977813491794e-01 
       3.558155300819e-04       2.129847782550e-01 
       3.842007717529e-04       2.293535305426e-01 
       4.148504506860e-04       2.469760655677e-01 
       4.479452127312e-04       2.659473415023e-01 
       4.836801147907e-04       2.863692323900e-01 
       5.222657744628e-04       3.083509591931e-01 
       5.639296113988e-04       3.320095401213e-01 
       6.089171876895e-04       3.574702177473e-01 
       6.574936551816e-04       3.848669203741e-01 
       7.099453182532e-04       4.143426641708e-01 
       7.665813212606e-04       4.460499662631e-01 
       8.277354706016e-04       4.801511870535e-01 
       8.937682021332e-04       5.168188240261e-01 
       9.650687055417e-04       5.562356987901e-01 
       1.042057218184e-03       5.985950254488e-01 
       1.125187501919e-03       6.441003044475e-01 
       1.214949517534e-03       6.929649990757e-01 
       1.311872312515e-03       7.454119173491e-01 
       1.416527139199e-03       8.016805663161e-01 
       1.529530821670e-03       8.620070327584e-01 
       1.651549391254e-03       9.266333534575e-01 
       1.783302012034e-03       9.958058761181e-01 
       1.925565219523e-03       1.069769906536e+00 
       2.079177497483e-03       1.148765179436e+00 
       2.245044219853e-03       1.233020202432e+00 
       2.424142986925e-03       1.322745166207e+00 
       2.617529387212e-03       1.418123334331e+00 
       2.826343218975e-03       1.519300752891e+00 
       3.051815208062e-03       1.626374120677e+00 
       3.295274261680e-03       1.739376799165e+00 
       3.558155300819e-03       1.858263553995e+00 
       3.842007717529e-03       1.982892997526e+00 
       4.148504506860e-03       2.113010517628e+00 
       4.479452127312e-03       2.248230592440e+00 
       4.836801147907e-03       2.388020500107e+00 
       5.222657744628e-03       2.531687179832e+00 
       5.639296113988e-03       2.678368271646e+00 
       6.089171876895e-03       2.827032408422e+00 
       6.574936551816e-03       2.976481704045e+00 
       7.099453182532e-03       3.125365319201e+00 
       7.665813212606e-03       3.272196174665e+00 
       8.277354706016e-03       3.415370481548e+00 
       8.937682021332e-03       3.553180999289e+00 
       9.650687055417e-03       3.683816999537e+00 
       1.042057218184e-02       3.805350881548e+00 
       1.125187501919e-02       3.915703856939e+00 
       1.214949517534e-02       4.012614685484e+00 
       1.311872312515e-02       4.093620159255e+00 
       1.416527139199e-02       4.156089892909e+00 
       1.529530821666e-02       4.197320573880e+00 
       1.651549391176e-02       4.214688594865e+00 
       1.783302010906e-02       4.205837665362e+00 
       1.925565206518e-02       4.168827945212e+00 
       2.079177376287e-02       4.102321802468e+00 
       2.245043293693e-02       4.005780320280e+00 
       2.424137103356e-02       3.879727109267e+00 
       2.617497906706e-02       3.726109009146e+00 
       2.826199580119e-02       3.548473107594e+00 
       3.051249938375e-02       3.352157272803e+00 
       3.293336996262e-02       3.144349398295e+00 
       3.552331487266e-02       2.933975108186e+00 
       3.826582157228e-02       2.731058064408e+00 
       4.112404724473e-02       2.545235900944e+00 
       4.404493044138e-02       2.383526445853e+00 
       4.697466957067e-02       2.248576345037e+00 
       4.987520971806e-02       2.138753707686e+00 
       5.272987739079e-02       2.049721742295e+00 
       5.553868476799e-02       1.976109544707e+00 
       5.831086443783e-02       1.912768329395e+00 
       6.105929318352e-02       1.855172656201e+00 
       6.379744399755e-02       1.799541223362e+00 
       6.653804689347e-02       1.742904884185e+00 
       6.929265033370e-02       1.683096281337e+00 
       7.207159151451e-02       1.618770573799e+00 
       7.488412589325e-02       1.549404679084e+00 
       7.773860159413e-02       1.475270107732e+00 
       8.064263092727e-02       1.397359274472e+00 
       8.360324183574e-02       1.317278556394e+00 
       8.662700531640e-02       1.237048227973e+00 
       8.972014012085e-02       1.158905122740e+00 
       9.288859777810e-02       1.085057187672e+00 
       9.613813123925e-02       1.017440099239e+00 
       9.947435014200e-02       9.575158437622e-01 
       1.029027652301e-01       9.061077981765e-01 
       1.064288240027e-01       8.633032408942e-01 
       1.100579392682e-01       8.284149557402e-01 
       1.137955119551e-01       8.000008638191e-01 
       1.176469492760e-01       7.759702929027e-01 
       1.216176791504e-01       7.537824139973e-01 
       1.257131616481e-01       7.307742438639e-01 
       1.299388981110e-01       7.046082869124e-01 
       1.343004385401e-01       6.737619184147e-01 
       1.388033877828e-01       6.379213192506e-01 
       1.434534110299e-01       5.981248259605e-01 
       1.482562391095e-01       5.565571392750e-01 
       1.532176740608e-01       5.160288250461e-01 
       1.583435954687e-01       4.792813882283e-01 
       1.636399680441e-01       4.482884542163e-01 
       1.691128509406e-01       4.237669693767e-01 
       1.747684093051e-01       4.049966428943e-01 
       1.806129285724e-01       3.899879361880e-01 
       1.866528320180e-01       3.761605501168e-01 
       1.928947021034e-01       3.607121910786e-01 
       1.993453061587e-01       3.419141381976e-01 
       2.060116269760e-01       3.199318781167e-01 
       2.129008989175e-01       2.966496179226e-01 
       2.200206501922e-01       2.745752506851e-01 
       2.273787520223e-01       2.556972544510e-01 
       2.349834755150e-01       2.408119527063e-01 
       2.428435571828e-01       2.292067705707e-01 
       2.509682742266e-01       2.189116975645e-01 
       2.593675309230e-01       2.078824311833e-01 
       2.680519577530e-01       1.951960343676e-01 
       2.770330252880e-01       1.814323597960e-01 
       2.863231753450e-01       1.682472452056e-01 
       2.959359725497e-01       1.570845913914e-01 
       3.058862802544e-01       1.480302040458e-01 
       3.161904657924e-01       1.400523162703e-01 
       3.268666413804e-01       1.318847561413e-01 
       3.379349486994e-01       1.230787739009e-01 
       3.494178974139e-01       1.143257275476e-01 
       3.613407708034e-01       1.064991094578e-01 
       3.737321155121e-01       9.981081864933e-02 
       3.866243374979e-01       9.360214221473e-02 
       4.000544330338e-01       8.732769829925e-02 
       4.140648927098e-01       8.108297729799e-02 
       4.287048286841e-01       7.533072943825e-02 
       4.440313921574e-01       7.015111436601e-02 
       4.601115708827e-01       6.524367872038e-02 
       4.770244877639e-01       6.041009690116e-02 
       4.948643642554e-01       5.582884610027e-02 
       5.137443700216e-01       5.161624700422e-02 
       5.338016569706e-01       4.758304400131e-02 
       5.552039733995e-01       4.369962237293e-02 
       5.781583676391e-01       4.005166208567e-02 
       6.029225951850e-01       3.657533921190e-02 
       6.298198626618e-01       3.324349898990e-02 
       6.592572812968e-01       3.007951003512e-02 
       6.917474167662e-01       2.704745385203e-02 
       7.279297175260e-01       2.415709335135e-02 
       7.685829637218e-01       2.139685288695e-02 
       8.146102292538e-01       1.877744784811e-02 
       8.669680480455e-01       1.631131202067e-02 
       9.265193831693e-01       1.402335075360e-02 
       9.938458886090e-01       1.194212342315e-02 
       1.069144954181e+00       1.009135161064e-02 
       1.152332760345e+00       8.480132310923e-03 
       1.243295708729e+00       7.100871147024e-03 
       1.342095772805e+00       5.932203585979e-03 
       1.449029203296e+00       4.948139603478e-03 
       1.564586374602e+00       4.122260631789e-03 
       1.689391516011e+00       3.430483157517e-03 
       1.824160856865e+00       2.851917404672e-03 
       1.969683202239e+00       2.368620666335e-03 
       2.126814942975e+00       1.965380732428e-03 
       2.296481943529e+00       1.629305293230e-03 
       2.479684162707e+00       1.349526415519e-03 
       2.677501369259e+00       1.116831848964e-03 
       2.891099475621e+00       9.235090157149e-04 
       3.121737405595e+00       7.630396275910e-04 
       3.370774513870e+00       6.299669777319e-04 
       3.639678597884e+00       5.197160657991e-04 
       3.930034548851e+00       4.284483303237e-04 
       4.243553692939e+00       3.529594135230e-04 
       4.582083877640e+00       2.905784489248e-04 
       4.947620362778e+00       2.390628868170e-04 
       5.342317580354e+00       1.965546626211e-04 
       5.768501832533e+00       1.615026675644e-04 
       6.228685002611e+00       1.326221519278e-04 
       6.725579359783e+00       1.088421188761e-04 
       7.262113544958e+00       8.927558642788e-05 
       7.841449831849e+00       7.318542697530e-05 
       8.467002765069e+00       5.996293843258e-05 
       9.142459285082e+00       4.910357364962e-05 
       9.871800458624e+00       4.019040479007e-05 
       1.065932494268e+01       3.287854638694e-05 
       1.150967432028e+01       2.688376917606e-05 
       1.242786045752e+01       2.197149388260e-05 
       1.341929504291e+01       1.794860846391e-05 
       1.448982148328e+01       1.465556892947e-05 
       1.564574934421e+01       1.196130505683e-05 
       1.689389153788e+01       9.758034855029e-06 
       1.824160447766e+01       7.957241249977e-06 
       1.969683143598e+01       6.485937716610e-06 
       2.126814936113e+01       5.284464390288e-06 
       2.296481942883e+01       4.303780873438e-06 
       2.479684162659e+01       3.503595975703e-06 
       2.677501369256e+01       2.851010450974e-06 
       2.891099475621e+01       2.318982135217e-06 
       3.121737405595e+01       1.885453326165e-06 
       3.370774513870e+01       1.532326578915e-06 
       3.639678597884e+01       1.244764153381e-06 
       3.930034548851e+01       1.010719018619e-06 
       4.243553692939e+01       8.202895590296e-07 
       4.582083877640e+01       6.654018544272e-07 
       4.947620362778e+01       5.394771861411e-07 
       5.342317580354e+01       4.371332760388e-07 
