# Matter power spectrum P(k) at redshift z=99
# for k=1.04206e-05 to 53.4232 h/Mpc,
# number of wavenumbers equal to 243
#    1:k (h/Mpc)              2:P (Mpc/h)^3        
       1.042057218184e-05       7.036260929515e-03 
       1.125187501919e-05       7.577807674797e-03 
       1.214949517534e-05       8.161033620487e-03 
       1.311872312515e-05       8.789148142278e-03 
       1.416527139199e-05       9.465605314585e-03 
       1.529530821670e-05       1.019412588037e-02 
       1.651549391254e-05       1.097871819676e-02 
       1.783302012034e-05       1.182369464626e-02 
       1.925565219523e-05       1.273370416853e-02 
       2.079177497483e-05       1.371375238069e-02 
       2.245044219853e-05       1.476922835672e-02 
       2.424142986925e-05       1.590593818774e-02 
       2.617529387212e-05       1.713013403752e-02 
       2.826343218975e-05       1.844854685128e-02 
       3.051815208062e-05       1.986842969069e-02 
       3.295274261680e-05       2.139759139819e-02 
       3.558155300819e-05       2.304444014631e-02 
       3.842007717529e-05       2.481803397848e-02 
       4.148504506860e-05       2.672812600790e-02 
       4.479452127312e-05       2.878522064418e-02 
       4.836801147907e-05       3.100063001285e-02 
       5.222657744628e-05       3.338653470896e-02 
       5.639296113988e-05       3.595605557709e-02 
       6.089171876895e-05       3.872331949935e-02 
       6.574936551816e-05       4.170354103690e-02 
       7.099453182532e-05       4.491310311110e-02 
       7.665813212606e-05       4.836964963082e-02 
       8.277354706016e-05       5.209217843739e-02 
       8.937682021332e-05       5.610114901174e-02 
       9.650687055417e-05       6.041858990945e-02 
       1.042057218184e-04       6.506822426630e-02 
       1.125187501919e-04       7.007559021884e-02 
       1.214949517534e-04       7.546819264399e-02 
       1.311872312515e-04       8.127563721580e-02 
       1.416527139199e-04       8.752980291754e-02 
       1.529530821670e-04       9.426500750936e-02 
       1.651549391254e-04       1.015181935275e-01 
       1.783302012034e-04       1.093291280208e-01 
       1.925565219523e-04       1.177406113787e-01 
       2.079177497483e-04       1.267987049455e-01 
       2.245044219853e-04       1.365529774729e-01 
       2.424142986925e-04       1.470567587004e-01 
       2.617529387212e-04       1.583674216538e-01 
       2.826343218975e-04       1.705466741336e-01 
       3.051815208062e-04       1.836608704973e-01 
       3.295274261680e-04       1.977813491822e-01 
       3.558155300819e-04       2.129847782580e-01 
       3.842007717529e-04       2.293535305458e-01 
       4.148504506860e-04       2.469760655710e-01 
       4.479452127312e-04       2.659473415059e-01 
       4.836801147907e-04       2.863692323938e-01 
       5.222657744628e-04       3.083509591971e-01 
       5.639296113988e-04       3.320095401255e-01 
       6.089171876895e-04       3.574702177517e-01 
       6.574936551816e-04       3.848669203787e-01 
       7.099453182532e-04       4.143426641756e-01 
       7.665813212606e-04       4.460499662680e-01 
       8.277354706016e-04       4.801511870585e-01 
       8.937682021332e-04       5.168188240312e-01 
       9.650687055417e-04       5.562356987952e-01 
       1.042057218184e-03       5.985950254535e-01 
       1.125187501919e-03       6.441003044518e-01 
       1.214949517534e-03       6.929649990794e-01 
       1.311872312515e-03       7.454119173529e-01 
       1.416527139199e-03       8.016805663177e-01 
       1.529530821670e-03       8.620070327576e-01 
       1.651549391254e-03       9.266333534542e-01 
       1.783302012034e-03       9.958058761103e-01 
       1.925565219523e-03       1.069769906522e+00 
       2.079177497483e-03       1.148765179415e+00 
       2.245044219853e-03       1.233020202402e+00 
       2.424142986925e-03       1.322745166452e+00 
       2.617529387212e-03       1.418123334345e+00 
       2.826343218975e-03       1.519300752814e+00 
       3.051815208062e-03       1.626374120575e+00 
       3.295274261680e-03       1.739376799068e+00 
       3.558155300819e-03       1.858263553821e+00 
       3.842007717529e-03       1.982892997302e+00 
       4.148504506860e-03       2.113010517397e+00 
       4.479452127312e-03       2.248230592138e+00 
       4.836801147907e-03       2.388020499649e+00 
       5.222657744628e-03       2.531687171037e+00 
       5.639296113988e-03       2.678368270887e+00 
       6.089171876895e-03       2.827032407465e+00 
       6.574936551816e-03       2.976481702843e+00 
       7.099453182532e-03       3.125365317697e+00 
       7.665813212606e-03       3.272196105476e+00 
       8.277354706016e-03       3.415370825172e+00 
       8.937682021332e-03       3.553180996207e+00 
       9.650687055417e-03       3.683816995953e+00 
       1.042057218184e-02       3.805351164442e+00 
       1.125187501919e-02       3.915703851531e+00 
       1.214949517534e-02       4.012614570263e+00 
       1.311872312515e-02       4.093620151144e+00 
       1.416527139199e-02       4.156089558741e+00 
       1.529530821666e-02       4.197321288698e+00 
       1.651549391176e-02       4.214691667029e+00 
       1.783302010906e-02       4.205838158218e+00 
       1.925565206518e-02       4.168830316930e+00 
       2.079177376287e-02       4.102324942942e+00 
       2.245043293693e-02       4.005780004588e+00 
       2.424137103356e-02       3.879728003181e+00 
       2.617497906706e-02       3.726100675345e+00 
       2.826199580119e-02       3.548480965140e+00 
       3.051249938375e-02       3.352159594016e+00 
       3.293336996262e-02       3.144354416977e+00 
       3.552331487266e-02       2.933975041664e+00 
       3.826582157228e-02       2.731057986333e+00 
       4.112404724473e-02       2.545238258448e+00 
       4.404493044138e-02       2.383525579862e+00 
       4.697466957067e-02       2.248567689585e+00 
       4.987520971806e-02       2.138753587576e+00 
       5.272987739079e-02       2.049721610573e+00 
       5.553868476799e-02       1.976109401089e+00 
       5.831086443783e-02       1.912771281771e+00 
       6.105929318352e-02       1.855172482491e+00 
       6.379744399755e-02       1.799542107767e+00 
       6.653804689347e-02       1.742904346142e+00 
       6.929265033370e-02       1.683095311674e+00 
       7.207159151451e-02       1.618769816306e+00 
       7.488412589325e-02       1.549403650289e+00 
       7.773860159413e-02       1.475269005944e+00 
       8.064263092727e-02       1.397360080253e+00 
       8.360324183574e-02       1.317278315294e+00 
       8.662700531640e-02       1.237047966948e+00 
       8.972014012085e-02       1.158905386549e+00 
       9.288859777810e-02       1.085056848949e+00 
       9.613813123925e-02       1.017439799313e+00 
       9.947435014200e-02       9.575169484270e-01 
       1.029027652301e-01       9.061074774602e-01 
       1.064288240027e-01       8.633029080420e-01 
       1.100579392682e-01       8.284164112764e-01 
       1.137955119551e-01       8.000007897985e-01 
       1.176469492760e-01       7.759703546287e-01 
       1.216176791504e-01       7.537822825331e-01 
       1.257131616481e-01       7.307738749802e-01 
       1.299388981110e-01       7.046086590688e-01 
       1.343004385401e-01       6.737628797405e-01 
       1.388033877828e-01       6.379230210490e-01 
       1.434534110299e-01       5.981259925623e-01 
       1.482562391095e-01       5.565581553554e-01 
       1.532176740608e-01       5.160280805433e-01 
       1.583435954687e-01       4.792808937724e-01 
       1.636399680441e-01       4.482879434397e-01 
       1.691128509406e-01       4.237664444898e-01 
       1.747684093051e-01       4.049963091397e-01 
       1.806129285724e-01       3.899868429142e-01 
       1.866528320180e-01       3.761631315138e-01 
       1.928947021034e-01       3.607164684180e-01 
       1.993453061587e-01       3.419191311523e-01 
       2.060116269760e-01       3.199347338950e-01 
       2.129008989175e-01       2.966479151555e-01 
       2.200206501922e-01       2.745742320615e-01 
       2.273787520223e-01       2.556967184765e-01 
       2.349834755150e-01       2.408114379205e-01 
       2.428435571828e-01       2.292059331556e-01 
       2.509682742266e-01       2.189132878080e-01 
       2.593675309230e-01       2.078820224107e-01 
       2.680519577530e-01       1.951951102594e-01 
       2.770330252880e-01       1.814312543671e-01 
       2.863231753450e-01       1.682461883039e-01 
       2.959359725497e-01       1.570840073232e-01 
       3.058862802544e-01       1.480291623732e-01 
       3.161904657924e-01       1.400514970486e-01 
       3.268666413804e-01       1.318833783439e-01 
       3.379349486994e-01       1.230777866503e-01 
       3.494178974139e-01       1.143248478421e-01 
       3.613407708034e-01       1.064982226604e-01 
       3.737321155121e-01       9.980994001483e-02 
       3.866243374979e-01       9.360110011953e-02 
       4.000544330338e-01       8.732674807493e-02 
       4.140648927098e-01       8.108199443049e-02 
       4.287048286841e-01       7.532974987594e-02 
       4.440313921574e-01       7.015017092398e-02 
       4.601115708827e-01       6.524271008932e-02 
       4.770244877639e-01       6.040910159141e-02 
       4.948643642554e-01       5.582785504809e-02 
       5.137443700216e-01       5.161524060878e-02 
       5.338016569706e-01       4.758201625523e-02 
       5.552039733995e-01       4.369860825674e-02 
       5.781583676391e-01       4.005062200715e-02 
       6.029225951850e-01       3.657428116813e-02 
       6.298198626618e-01       3.324242681718e-02 
       6.592572812968e-01       3.007841674736e-02 
       6.917474167662e-01       2.704636120221e-02 
       7.279297175260e-01       2.415598980027e-02 
       7.685829637218e-01       2.139573149830e-02 
       8.146102292538e-01       1.877631686713e-02 
       8.669680480455e-01       1.631016784149e-02 
       9.265193831693e-01       1.402219190540e-02 
       9.938458886090e-01       1.194095646769e-02 
       1.069144954181e+00       1.009017434595e-02 
       1.152332760345e+00       8.478947126987e-03 
       1.243295708729e+00       7.099680188299e-03 
       1.342095772805e+00       5.931005481847e-03 
       1.449029203296e+00       4.946937240398e-03 
       1.564586374602e+00       4.121060981255e-03 
       1.689391516011e+00       3.429282025515e-03 
       1.824160856865e+00       2.850718482681e-03 
       1.969683202239e+00       2.367425144009e-03 
       2.126814942975e+00       1.964193361958e-03 
       2.296481943529e+00       1.628119315751e-03 
       2.479684162707e+00       1.348348534186e-03 
       2.677501369259e+00       1.115664541381e-03 
       2.891099475621e+00       9.223507779818e-04 
       3.121737405595e+00       7.618924559601e-04 
       3.370774513870e+00       6.288325066206e-04 
       3.639678597884e+00       5.185944843769e-04 
       3.930034548851e+00       4.273419062406e-04 
       4.243553692939e+00       3.518686528477e-04 
       4.582083877640e+00       2.895034108609e-04 
       4.947620362778e+00       2.380049343150e-04 
       5.342317580354e+00       1.955144369378e-04 
       5.768501832533e+00       1.604809096938e-04 
       6.228685002611e+00       1.316193427878e-04 
       6.725579359783e+00       1.078593004312e-04 
       7.262113544958e+00       8.831358346226e-05 
       7.841449831849e+00       7.224323365820e-05 
       8.467002765069e+00       5.904157978270e-05 
       9.142459285082e+00       4.820353776342e-05 
       9.871800458624e+00       3.931212739798e-05 
       1.065932494268e+01       3.202228315834e-05 
       1.150967432028e+01       2.605026327005e-05 
       1.242786045752e+01       2.116087844637e-05 
       1.341929504291e+01       1.716079421406e-05 
       1.448982148328e+01       1.389125743447e-05 
       1.564574934421e+01       1.122074784961e-05 
       1.689389153788e+01       9.041476568413e-06 
       1.824160447766e+01       7.264913868618e-06 
       1.969683143598e+01       5.818331961331e-06 
       2.126814936113e+01       4.641955295824e-06 
       2.296481942883e+01       3.686785934244e-06 
       2.479684162659e+01       2.912578415643e-06 
       2.677501369256e+01       2.286540465660e-06 
       2.891099475621e+01       1.781604039341e-06 
       3.121737405595e+01       1.375787469337e-06 
       3.370774513870e+01       1.051024597453e-06 
       3.639678597884e+01       7.925576916674e-07 
       3.930034548851e+01       5.882770561484e-07 
       4.243553692939e+01       4.282977569284e-07 
       4.582083877640e+01       3.044722214977e-07 
       4.947620362778e+01       2.100894239307e-07 
       5.342317580354e+01       1.395963968992e-07 
