# Matter power spectrum P(k) at redshift z=99
# for k=1.04206e-05 to 53.4232 h/Mpc,
# number of wavenumbers equal to 243
#    1:k (h/Mpc)              2:P (Mpc/h)^3        
       1.042057218184e-05       7.036260929411e-03 
       1.125187501919e-05       7.577807674685e-03 
       1.214949517534e-05       8.161033620366e-03 
       1.311872312515e-05       8.789148142149e-03 
       1.416527139199e-05       9.465605314445e-03 
       1.529530821670e-05       1.019412588022e-02 
       1.651549391254e-05       1.097871819660e-02 
       1.783302012034e-05       1.182369464608e-02 
       1.925565219523e-05       1.273370416834e-02 
       2.079177497483e-05       1.371375238049e-02 
       2.245044219853e-05       1.476922835650e-02 
       2.424142986925e-05       1.590593818750e-02 
       2.617529387212e-05       1.713013403726e-02 
       2.826343218975e-05       1.844854685101e-02 
       3.051815208062e-05       1.986842969040e-02 
       3.295274261680e-05       2.139759139788e-02 
       3.558155300819e-05       2.304444014597e-02 
       3.842007717529e-05       2.481803397811e-02 
       4.148504506860e-05       2.672812600751e-02 
       4.479452127312e-05       2.878522064375e-02 
       4.836801147907e-05       3.100063001239e-02 
       5.222657744628e-05       3.338653470847e-02 
       5.639296113988e-05       3.595605557656e-02 
       6.089171876895e-05       3.872331949878e-02 
       6.574936551816e-05       4.170354103628e-02 
       7.099453182532e-05       4.491310311044e-02 
       7.665813212606e-05       4.836964963010e-02 
       8.277354706016e-05       5.209217843662e-02 
       8.937682021332e-05       5.610114901091e-02 
       9.650687055417e-05       6.041858990856e-02 
       1.042057218184e-04       6.506822426534e-02 
       1.125187501919e-04       7.007559021781e-02 
       1.214949517534e-04       7.546819264288e-02 
       1.311872312515e-04       8.127563721460e-02 
       1.416527139199e-04       8.752980291625e-02 
       1.529530821670e-04       9.426500750798e-02 
       1.651549391254e-04       1.015181935260e-01 
       1.783302012034e-04       1.093291280192e-01 
       1.925565219523e-04       1.177406113770e-01 
       2.079177497483e-04       1.267987049437e-01 
       2.245044219853e-04       1.365529774710e-01 
       2.424142986925e-04       1.470567586983e-01 
       2.617529387212e-04       1.583674216515e-01 
       2.826343218975e-04       1.705466741311e-01 
       3.051815208062e-04       1.836608704947e-01 
       3.295274261680e-04       1.977813491794e-01 
       3.558155300819e-04       2.129847782550e-01 
       3.842007717529e-04       2.293535305426e-01 
       4.148504506860e-04       2.469760655676e-01 
       4.479452127312e-04       2.659473415023e-01 
       4.836801147907e-04       2.863692323900e-01 
       5.222657744628e-04       3.083509591931e-01 
       5.639296113988e-04       3.320095401213e-01 
       6.089171876895e-04       3.574702177472e-01 
       6.574936551816e-04       3.848669203740e-01 
       7.099453182532e-04       4.143426641708e-01 
       7.665813212606e-04       4.460499662631e-01 
       8.277354706016e-04       4.801511870534e-01 
       8.937682021332e-04       5.168188240260e-01 
       9.650687055417e-04       5.562356987900e-01 
       1.042057218184e-03       5.985950254489e-01 
       1.125187501919e-03       6.441003044474e-01 
       1.214949517534e-03       6.929649990758e-01 
       1.311872312515e-03       7.454119173502e-01 
       1.416527139199e-03       8.016805663163e-01 
       1.529530821670e-03       8.620070327755e-01 
       1.651549391254e-03       9.266333534575e-01 
       1.783302012034e-03       9.958058761181e-01 
       1.925565219523e-03       1.069769906528e+00 
       2.079177497483e-03       1.148765179430e+00 
       2.245044219853e-03       1.233020202432e+00 
       2.424142986925e-03       1.322745166207e+00 
       2.617529387212e-03       1.418123334331e+00 
       2.826343218975e-03       1.519300754235e+00 
       3.051815208062e-03       1.626374120677e+00 
       3.295274261680e-03       1.739376799202e+00 
       3.558155300819e-03       1.858263553851e+00 
       3.842007717529e-03       1.982892997553e+00 
       4.148504506860e-03       2.113010517687e+00 
       4.479452127312e-03       2.248230592513e+00 
       4.836801147907e-03       2.388020500111e+00 
       5.222657744628e-03       2.531687171855e+00 
       5.639296113988e-03       2.678368271653e+00 
       6.089171876895e-03       2.827032408430e+00 
       6.574936551816e-03       2.976481704055e+00 
       7.099453182532e-03       3.125365319214e+00 
       7.665813212606e-03       3.272196174991e+00 
       8.277354706016e-03       3.415370827528e+00 
       8.937682021332e-03       3.553180999137e+00 
       9.650687055417e-03       3.683816999568e+00 
       1.042057218184e-02       3.805351168898e+00 
       1.125187501919e-02       3.915703875553e+00 
       1.214949517534e-02       4.012614576969e+00 
       1.311872312515e-02       4.093620159326e+00 
       1.416527139199e-02       4.156089892995e+00 
       1.529530821666e-02       4.197320573984e+00 
       1.651549391176e-02       4.214691681547e+00 
       1.783302010906e-02       4.205838175640e+00 
       1.925565206518e-02       4.168827945392e+00 
       2.079177376287e-02       4.102324967646e+00 
       2.245043293693e-02       4.005780033775e+00 
       2.424137103356e-02       3.879731253144e+00 
       2.617497906706e-02       3.726109009491e+00 
       2.826199580119e-02       3.548473107853e+00 
       3.051249938375e-02       3.352160279945e+00 
       3.293336996262e-02       3.144354501616e+00 
       3.552331487266e-02       2.933974552321e+00 
       3.826582157228e-02       2.731053099646e+00 
       4.112404724473e-02       2.545237170411e+00 
       4.404493044138e-02       2.383526081195e+00 
       4.697466957067e-02       2.248576353581e+00 
       4.987520971806e-02       2.138745933773e+00 
       5.272987739079e-02       2.049722847983e+00 
       5.553868476799e-02       1.976109970532e+00 
       5.831086443783e-02       1.912771388178e+00 
       6.105929318352e-02       1.855169737775e+00 
       6.379744399755e-02       1.799541062381e+00 
       6.653804689347e-02       1.742904390686e+00 
       6.929265033370e-02       1.683094610714e+00 
       7.207159151451e-02       1.618770188846e+00 
       7.488412589325e-02       1.549403690662e+00 
       7.773860159413e-02       1.475269927355e+00 
       8.064263092727e-02       1.397361020893e+00 
       8.360324183574e-02       1.317278389855e+00 
       8.662700531640e-02       1.237048172780e+00 
       8.972014012085e-02       1.158905636073e+00 
       9.288859777810e-02       1.085057231791e+00 
       9.613813123925e-02       1.017439211034e+00 
       9.947435014200e-02       9.575158898552e-01 
       1.029027652301e-01       9.061069272253e-01 
       1.064288240027e-01       8.633033694057e-01 
       1.100579392682e-01       8.284154871860e-01 
       1.137955119551e-01       8.000014956719e-01 
       1.176469492760e-01       7.759706517989e-01 
       1.216176791504e-01       7.537827877307e-01 
       1.257131616481e-01       7.307753404192e-01 
       1.299388981110e-01       7.046084933603e-01 
       1.343004385401e-01       6.737622619935e-01 
       1.388033877828e-01       6.379218052817e-01 
       1.434534110299e-01       5.981248674267e-01 
       1.482562391095e-01       5.565575963814e-01 
       1.532176740608e-01       5.160279399554e-01 
       1.583435954687e-01       4.792817409291e-01 
       1.636399680441e-01       4.482886269767e-01 
       1.691128509406e-01       4.237673273755e-01 
       1.747684093051e-01       4.049974480715e-01 
       1.806129285724e-01       3.899884597452e-01 
       1.866528320180e-01       3.761606840016e-01 
       1.928947021034e-01       3.607123790330e-01 
       1.993453061587e-01       3.419148625334e-01 
       2.060116269760e-01       3.199320960595e-01 
       2.129008989175e-01       2.966488916073e-01 
       2.200206501922e-01       2.745760684360e-01 
       2.273787520223e-01       2.556977891697e-01 
       2.349834755150e-01       2.408122924311e-01 
       2.428435571828e-01       2.292066165199e-01 
       2.509682742266e-01       2.189116429332e-01 
       2.593675309230e-01       2.078807182352e-01 
       2.680519577530e-01       1.951951558841e-01 
       2.770330252880e-01       1.814323377936e-01 
       2.863231753450e-01       1.682472411121e-01 
       2.959359725497e-01       1.570850629113e-01 
       3.058862802544e-01       1.480304382947e-01 
       3.161904657924e-01       1.400523262202e-01 
       3.268666413804e-01       1.318841629218e-01 
       3.379349486994e-01       1.230786003786e-01 
       3.494178974139e-01       1.143260368010e-01 
       3.613407708034e-01       1.064992875345e-01 
       3.737321155121e-01       9.981099875182e-02 
       3.866243374979e-01       9.360219755426e-02 
       4.000544330338e-01       8.732777119176e-02 
       4.140648927098e-01       8.108312070781e-02 
       4.287048286841e-01       7.533089641984e-02 
       4.440313921574e-01       7.015126818609e-02 
       4.601115708827e-01       6.524377611591e-02 
       4.770244877639e-01       6.041019406487e-02 
       4.948643642554e-01       5.582895723041e-02 
       5.137443700216e-01       5.161632884886e-02 
       5.338016569706e-01       4.758311784976e-02 
       5.552039733995e-01       4.369970568995e-02 
       5.781583676391e-01       4.005172645307e-02 
       6.029225951850e-01       3.657541050968e-02 
       6.298198626618e-01       3.324356461436e-02 
       6.592572812968e-01       3.007955784034e-02 
       6.917474167662e-01       2.704751086604e-02 
       7.279297175260e-01       2.415714486549e-02 
       7.685829637218e-01       2.139689595707e-02 
       8.146102292538e-01       1.877748736722e-02 
       8.669680480455e-01       1.631134895822e-02 
       9.265193831693e-01       1.402338109284e-02 
       9.938458886090e-01       1.194215273098e-02 
       1.069144954181e+00       1.009138058405e-02 
       1.152332760345e+00       8.480155788025e-03 
       1.243295708729e+00       7.100893918410e-03 
       1.342095772805e+00       5.932223447216e-03 
       1.449029203296e+00       4.948156278727e-03 
       1.564586374602e+00       4.122278835781e-03 
       1.689391516011e+00       3.430501645760e-03 
       1.824160856865e+00       2.851935284135e-03 
       1.969683202239e+00       2.368634561917e-03 
       2.126814942975e+00       1.965394561851e-03 
       2.296481943529e+00       1.629318178854e-03 
       2.479684162707e+00       1.349538562983e-03 
       2.677501369259e+00       1.116843661194e-03 
       2.891099475621e+00       9.235198937028e-04 
       3.121737405595e+00       7.630498750901e-04 
       3.370774513870e+00       6.299774587581e-04 
       3.639678597884e+00       5.197257057029e-04 
       3.930034548851e+00       4.284584086758e-04 
       4.243553692939e+00       3.529696145954e-04 
       4.582083877640e+00       2.905880693672e-04 
       4.947620362778e+00       2.390723175982e-04 
       5.342317580354e+00       1.965640183261e-04 
       5.768501832533e+00       1.615116549689e-04 
       6.228685002611e+00       1.326309939758e-04 
       6.725579359783e+00       1.088508123874e-04 
       7.262113544958e+00       8.928408022933e-05 
       7.841449831849e+00       7.319372919812e-05 
       8.467002765069e+00       5.997100857061e-05 
       9.142459285082e+00       4.911150414017e-05 
       9.871800458624e+00       4.019804860027e-05 
       1.065932494268e+01       3.288605643523e-05 
       1.150967432028e+01       2.689115938316e-05 
       1.242786045752e+01       2.197870561224e-05 
       1.341929504291e+01       1.795556736575e-05 
       1.448982148328e+01       1.466235302049e-05 
       1.564574934421e+01       1.196797196367e-05 
       1.689389153788e+01       9.764490834616e-06 
       1.824160447766e+01       7.963501766930e-06 
       1.969683143598e+01       6.492029203647e-06 
       2.126814936113e+01       5.290393261544e-06 
       2.296481942883e+01       4.309529278094e-06 
       2.479684162659e+01       3.509188640103e-06 
       2.677501369256e+01       2.856456242950e-06 
       2.891099475621e+01       2.324264718180e-06 
       3.121737405595e+01       1.890577407035e-06 
       3.370774513870e+01       1.537291214011e-06 
       3.639678597884e+01       1.249569590221e-06 
       3.930034548851e+01       1.015369271350e-06 
       4.243553692939e+01       8.247907649777e-07 
       4.582083877640e+01       6.697612261462e-07 
       4.947620362778e+01       5.436998480053e-07 
       5.342317580354e+01       4.412176496627e-07 
